,DBO5,DEPURADORA,MONTH,NT,PRUEBA,PT,SS,YEAR,DEPURADORA_2,MONTH_2,DATE
0,5.0,VIV,enero,15.8,1.0,0.91,5.0,2017.0,0,1,2017-1-1
1,5.0,VIV,enero,14.9,2.0,0.84,4.0,2017.0,0,1,2017-1-2
2,5.0,VIV,febrero,9.8,1.0,0.63,3.0,2017.0,0,2,2017-2-1
3,5.0,VIV,febrero,7.0,2.0,0.67,3.0,2017.0,0,2,2017-2-2
4,5.0,VIV,marzo,9.7,1.0,0.85,4.0,2017.0,0,3,2017-3-1
5,5.0,VIV,marzo,9.3,2.0,0.75,5.0,2017.0,0,3,2017-3-2
6,6.0,VIV,abril,10.5,1.0,0.75,4.0,2017.0,0,4,2017-4-1
7,5.0,VIV,abril,10.2,2.0,0.71,13.0,2017.0,0,4,2017-4-2
8,5.0,VIV,mayo,4.9,1.0,0.57,3.0,2017.0,0,5,2017-5-1
9,5.0,VIV,mayo,7.7,2.0,0.69,3.0,2017.0,0,5,2017-5-2
10,5.0,VIV,junio,9.4,1.0,0.91,2.0,2017.0,0,6,2017-6-1
11,3.5,VIV,junio,6.1,2.0,13.0,7.0,2017.0,0,6,2017-6-2
12,5.0,VIV,julio,14.0,1.0,0.72,4.0,2017.0,0,7,2017-7-1
13,5.0,VIV,julio,10.2,2.0,0.7,2.0,2017.0,0,7,2017-7-2
14,5.0,VIV,agosto,7.8,1.0,0.55,2.0,2017.0,0,8,2017-8-1
15,5.0,VIV,agosto,9.4,2.0,0.6,2.0,2017.0,0,8,2017-8-2
16,5.0,VIV,septiembre,13.8,1.0,0.77,2.0,2017.0,0,9,2017-9-1
17,6.0,VIV,septiembre,11.1,2.0,0.53,2.0,2017.0,0,9,2017-9-2
18,5.0,VIV,octubre,9.6,1.0,0.51,2.0,2017.0,0,10,2017-10-1
19,5.0,VIV,octubre,6.8,2.0,0.51,2.0,2017.0,0,10,2017-10-2
20,5.0,VIV,noviembre,7.5,1.0,0.53,2.0,2017.0,0,11,2017-11-1
21,5.0,VIV,noviembre,8.2,2.0,0.41,2.0,2017.0,0,11,2017-11-2
22,5.0,VIV,diciembre,7.6,1.0,0.33,3.0,2017.0,0,12,2017-12-1
23,5.0,VIV,diciembre,7.0,2.0,0.45,2.0,2017.0,0,12,2017-12-2
24,5.0,VIV,enero,9.0,1.0,0.43,3.0,2018.0,0,1,2018-1-1
25,5.0,VIV,enero,7.9,2.0,0.7,5.0,2018.0,0,1,2018-1-2
26,5.0,VIV,febrero,9.3,1.0,0.47,3.0,2018.0,0,2,2018-2-1
27,5.0,VIV,febrero,7.4,2.0,0.56,3.0,2018.0,0,2,2018-2-2
28,5.0,VIV,marzo,12.3,1.0,0.53,1.0,2018.0,0,3,2018-3-1
29,6.0,VIV,marzo,8.6,2.0,0.39,3.0,2018.0,0,3,2018-3-2
30,5.0,VIV,abril,10.0,1.0,0.39,4.0,2018.0,0,4,2018-4-1
31,11.0,VIV,abril,11.1,2.0,0.35,2.0,2018.0,0,4,2018-4-2
32,12.0,VIV,mayo,10.1,1.0,0.6,3.0,2018.0,0,5,2018-5-1
33,5.0,VIV,mayo,9.2,2.0,0.68,3.0,2018.0,0,5,2018-5-2
34,5.0,VIV,junio,7.5,1.0,0.53,3.0,2018.0,0,6,2018-6-1
35,5.0,VIV,junio,9.1,2.0,0.67,3.0,2018.0,0,6,2018-6-2
36,6.0,VIV,julio,7.0,1.0,0.73,4.0,2018.0,0,7,2018-7-1
37,5.0,VIV,julio,9.1,2.0,0.64,1.0,2018.0,0,7,2018-7-2
38,5.0,VIV,agosto,9.0,1.0,0.62,2.0,2018.0,0,8,2018-8-1
39,5.0,VIV,agosto,12.8,2.0,0.66,1.0,2018.0,0,8,2018-8-2
40,6.0,VIV,septiembre,11.1,1.0,0.64,1.0,2018.0,0,9,2018-9-1
41,5.0,VIV,septiembre,12.6,2.0,0.64,2.0,2018.0,0,9,2018-9-2
42,5.0,VIV,octubre,17.0,1.0,0.5,2.0,2018.0,0,10,2018-10-1
43,5.0,VIV,octubre,18.3,2.0,0.58,2.0,2018.0,0,10,2018-10-2
44,5.0,VIV,noviembre,10.6,1.0,0.44,2.0,2018.0,0,11,2018-11-1
45,6.0,VIV,noviembre,14.3,2.0,0.62,4.0,2018.0,0,11,2018-11-2
46,5.0,VIV,diciembre,17.0,1.0,0.56,4.0,2018.0,0,12,2018-12-1
47,5.0,VIV,diciembre,14.5,2.0,0.67,4.0,2018.0,0,12,2018-12-2
48,5.0,VIV,enero,12.4,1.0,1.0,6.0,2019.0,0,1,2019-1-1
49,5.0,VIV,enero,18.4,2.0,1.02,6.0,2019.0,0,1,2019-1-2
50,5.0,VIV,febrero,9.1,1.0,0.52,3.0,2019.0,0,2,2019-2-1
51,5.0,VIV,febrero,6.7,2.0,0.55,2.0,2019.0,0,2,2019-2-2
52,5.0,VIV,marzo,8.5,1.0,0.49,3.0,2019.0,0,3,2019-3-1
53,5.0,VIV,marzo,9.7,2.0,0.46,1.0,2019.0,0,3,2019-3-2
54,5.0,VIV,abril,9.4,1.0,0.49,3.0,2019.0,0,4,2019-4-1
55,8.0,VIV,abril,8.8,2.0,0.46,3.0,2019.0,0,4,2019-4-2
56,5.0,VIV,mayo,9.3,1.0,0.37,1.0,2019.0,0,5,2019-5-1
57,5.0,VIV,mayo,10.1,2.0,0.59,3.0,2019.0,0,5,2019-5-2
58,5.0,VIV,junio,9.4,1.0,0.64,3.0,2019.0,0,6,2019-6-1
59,6.0,VIV,junio,8.7,2.0,0.58,2.0,2019.0,0,6,2019-6-2
60,5.0,VIV,julio,11.1,1.0,0.56,1.0,2019.0,0,7,2019-7-1
61,5.0,VIV,julio,8.1,2.0,0.42,3.0,2019.0,0,7,2019-7-2
62,5.0,VIV,agosto,9.6,1.0,0.61,2.0,2019.0,0,8,2019-8-1
63,5.0,VIV,agosto,8.5,2.0,0.59,3.0,2019.0,0,8,2019-8-2
64,5.0,VIV,septiembre,9.8,1.0,0.44,3.0,2019.0,0,9,2019-9-1
65,5.0,VIV,septiembre,8.2,2.0,0.57,3.0,2019.0,0,9,2019-9-2
66,5.0,VIV,octubre,12.6,1.0,0.62,3.0,2019.0,0,10,2019-10-1
67,5.0,VIV,octubre,7.1,2.0,0.49,2.0,2019.0,0,10,2019-10-2
68,5.0,VIV,noviembre,12.5,1.0,0.5,7.0,2019.0,0,11,2019-11-1
69,8.0,VIV,noviembre,10.9,2.0,0.74,4.0,2019.0,0,11,2019-11-2
70,4.5,VIV,diciembre,4.4,1.0,0.53,2.0,2019.0,0,12,2019-12-1
71,4.3,VIV,diciembre,7.4,2.0,0.68,3.0,2019.0,0,12,2019-12-2
72,5.0,VIV,enero,6.3,1.0,0.6,3.0,2020.0,0,1,2020-1-1
73,6.0,VIV,enero,8.7,2.0,0.6,4.0,2020.0,0,1,2020-1-2
74,5.0,VIV,febrero,8.1,1.0,0.69,3.0,2020.0,0,2,2020-2-1
75,5.0,VIV,febrero,8.4,2.0,0.75,7.0,2020.0,0,2,2020-2-2
76,5.0,VIV,marzo,9.7,1.0,0.66,4.0,2020.0,0,3,2020-3-1
77,5.0,VIV,marzo,9.1,2.0,0.67,3.0,2020.0,0,3,2020-3-2
80,5.0,CHI,enero,22.68181818181818,1.0,0.25,3.0,2017.0,3,1,2017-1-1
81,5.0,CHI,enero,27.20909090909091,2.0,0.52,2.0,2017.0,3,1,2017-1-2
82,5.0,CHI,febrero,31.736363636363635,1.0,0.53,5.0,2017.0,3,2,2017-2-1
83,5.0,CHI,febrero,36.263636363636365,2.0,0.58,5.0,2017.0,3,2,2017-2-2
84,5.0,CHI,marzo,40.79090909090909,1.0,0.71,3.0,2017.0,3,3,2017-3-1
85,8.0,CHI,marzo,45.31818181818182,2.0,0.61,3.0,2017.0,3,3,2017-3-2
86,6.0,CHI,abril,49.84545454545455,1.0,0.49,3.0,2017.0,3,4,2017-4-1
87,6.0,CHI,abril,54.372727272727275,2.0,0.3,4.0,2017.0,3,4,2017-4-2
88,5.0,CHI,mayo,58.9,1.0,0.54,5.0,2017.0,3,5,2017-5-1
89,5.0,CHI,mayo,13.8,2.0,0.6,4.0,2017.0,3,5,2017-5-2
90,5.0,CHI,junio,8.9,1.0,0.18,7.0,2017.0,3,6,2017-6-1
91,5.0,CHI,junio,6.3,2.0,0.14,2.0,2017.0,3,6,2017-6-2
92,5.0,CHI,julio,9.0,1.0,0.48,3.0,2017.0,3,7,2017-7-1
93,5.0,CHI,julio,8.6,2.0,0.27,3.0,2017.0,3,7,2017-7-2
94,5.0,CHI,agosto,9.7,1.0,0.7,2.0,2017.0,3,8,2017-8-1
95,5.0,CHI,agosto,9.7,2.0,0.52,2.0,2017.0,3,8,2017-8-2
96,5.0,CHI,septiembre,8.8,1.0,0.66,2.0,2017.0,3,9,2017-9-1
97,5.0,CHI,septiembre,11.5,2.0,0.64,2.0,2017.0,3,9,2017-9-2
98,5.0,CHI,octubre,11.0,1.0,0.58,4.0,2017.0,3,10,2017-10-1
99,5.0,CHI,octubre,11.1,2.0,0.27,5.0,2017.0,3,10,2017-10-2
100,5.0,CHI,noviembre,8.7,1.0,0.77,4.0,2017.0,3,11,2017-11-1
101,5.0,CHI,noviembre,11.1,2.0,0.42,2.0,2017.0,3,11,2017-11-2
102,5.0,CHI,diciembre,9.5,1.0,0.44,1.0,2017.0,3,12,2017-12-1
103,5.0,CHI,diciembre,11.7,2.0,0.48,2.0,2017.0,3,12,2017-12-2
104,5.0,CHI,enero,10.2,1.0,0.44,1.0,2018.0,3,1,2018-1-1
105,5.0,CHI,enero,14.7,2.0,0.59,2.0,2018.0,3,1,2018-1-2
106,5.0,CHI,febrero,11.4,1.0,0.35,1.0,2018.0,3,2,2018-2-1
107,5.0,CHI,febrero,8.4,2.0,0.65,1.0,2018.0,3,2,2018-2-2
108,5.0,CHI,marzo,4.2,1.0,0.42,2.0,2018.0,3,3,2018-3-1
109,5.0,CHI,marzo,6.6,2.0,0.43,4.0,2018.0,3,3,2018-3-2
110,5.0,CHI,abril,6.5,1.0,0.62,1.0,2018.0,3,4,2018-4-1
111,5.0,CHI,abril,6.0,2.0,0.51,1.0,2018.0,3,4,2018-4-2
112,5.0,CHI,mayo,11.4,1.0,0.73,1.0,2018.0,3,5,2018-5-1
113,5.0,CHI,mayo,11.0,2.0,0.61,2.0,2018.0,3,5,2018-5-2
114,5.0,CHI,junio,9.4,1.0,0.51,2.0,2018.0,3,6,2018-6-1
115,5.0,CHI,junio,9.1,2.0,0.75,2.0,2018.0,3,6,2018-6-2
116,5.0,CHI,julio,9.9,1.0,0.55,2.0,2018.0,3,7,2018-7-1
117,5.0,CHI,julio,9.1,2.0,0.61,2.0,2018.0,3,7,2018-7-2
118,5.0,CHI,agosto,7.6,1.0,0.55,1.0,2018.0,3,8,2018-8-1
119,6.0,CHI,agosto,12.2,2.0,0.68,1.0,2018.0,3,8,2018-8-2
120,12.0,CHI,septiembre,10.3,1.0,0.46,2.0,2018.0,3,9,2018-9-1
121,5.0,CHI,septiembre,10.2,2.0,0.22,2.0,2018.0,3,9,2018-9-2
122,5.0,CHI,octubre,13.7,1.0,0.2,1.0,2018.0,3,10,2018-10-1
123,5.0,CHI,octubre,10.9,2.0,0.32,7.0,2018.0,3,10,2018-10-2
124,9.5,CHI,noviembre,11.4,1.0,0.4,2.0,2018.0,3,11,2018-11-1
125,4.1,CHI,noviembre,9.4,2.0,0.52,3.0,2018.0,3,11,2018-11-2
126,8.3,CHI,diciembre,8.9,1.0,0.24,2.0,2018.0,3,12,2018-12-1
127,8.0,CHI,diciembre,9.65,2.0,0.58,5.4,2018.0,3,12,2018-12-2
128,2.0,CHI,enero,20.9,1.0,0.75,12.0,2019.0,3,1,2019-1-1
129,2.0,CHI,enero,11.8,2.0,0.75,3.0,2019.0,3,1,2019-1-2
130,2.0,CHI,febrero,12.3,1.0,0.74,2.0,2019.0,3,2,2019-2-1
131,3.0,CHI,febrero,14.7,2.0,0.68,4.4,2019.0,3,2,2019-2-2
132,2.0,CHI,marzo,12.0,1.0,0.55,2.0,2019.0,3,3,2019-3-1
133,2.0,CHI,marzo,16.7,2.0,0.74,2.0,2019.0,3,3,2019-3-2
134,3.0,CHI,abril,18.6,1.0,0.57,2.0,2019.0,3,4,2019-4-1
135,2.0,CHI,abril,11.9,2.0,0.68,2.0,2019.0,3,4,2019-4-2
136,2.0,CHI,mayo,8.12,1.0,0.58,2.0,2019.0,3,5,2019-5-1
137,4.0,CHI,mayo,5.86,2.0,0.65,2.0,2019.0,3,5,2019-5-2
138,3.0,CHI,junio,9.08,1.0,0.44,2.0,2019.0,3,6,2019-6-1
139,10.0,CHI,junio,7.54,2.0,0.55,2.0,2019.0,3,6,2019-6-2
140,6.0,CHI,julio,8.7,1.0,0.38,2.0,2019.0,3,7,2019-7-1
141,7.0,CHI,julio,9.2,2.0,0.44,2.0,2019.0,3,7,2019-7-2
142,5.0,CHI,agosto,6.88,1.0,0.21,5.7,2019.0,3,8,2019-8-1
143,2.0,CHI,agosto,10.6,2.0,0.67,2.8,2019.0,3,8,2019-8-2
144,6.0,CHI,septiembre,7.74,1.0,0.63,4.4,2019.0,3,9,2019-9-1
145,7.0,CHI,septiembre,9.68,2.0,0.6,2.0,2019.0,3,9,2019-9-2
146,3.0,CHI,octubre,12.6,1.0,0.69,2.2,2019.0,3,10,2019-10-1
147,2.0,CHI,octubre,12.1,2.0,0.66,2.0,2019.0,3,10,2019-10-2
148,2.0,CHI,noviembre,9.9,1.0,0.4,2.0,2019.0,3,11,2019-11-1
149,2.0,CHI,noviembre,11.0,2.0,0.68,22.0,2019.0,3,11,2019-11-2
150,3.0,CHI,diciembre,12.1,1.0,0.626,4.6,2019.0,3,12,2019-12-1
151,2.0,CHI,diciembre,13.4,2.0,0.643,2.4,2019.0,3,12,2019-12-2
152,2.0,CHI,enero,9.02,1.0,0.637,2.0,2020.0,3,1,2020-1-1
153,2.0,CHI,enero,10.7,2.0,0.7979999999999999,2.4,2020.0,3,1,2020-1-2
154,3.0,CHI,febrero,11.3,1.0,0.71,2.0,2020.0,3,2,2020-2-1
155,2.0,CHI,febrero,9.39,2.0,0.6559999999999999,2.4,2020.0,3,2,2020-2-2
156,2.0,CHI,marzo,11.4,1.0,0.703,2.0,2020.0,3,3,2020-3-1
157,2.0,CHI,marzo,15.3,2.0,0.857,2.0,2020.0,3,3,2020-3-2
160,5.0,GAV,enero,9.75,1.0,0.72,7.0,2017.0,2,1,2017-1-1
161,2.0,GAV,enero,8.69,2.0,0.59,6.0,2017.0,2,1,2017-1-2
162,3.0,GAV,febrero,9.91,1.0,0.7,8.0,2017.0,2,2,2017-2-1
163,2.0,GAV,febrero,5.84,2.0,0.79,4.0,2017.0,2,2,2017-2-2
164,3.0,GAV,marzo,9.63,1.0,0.88,10.0,2017.0,2,3,2017-3-1
165,4.0,GAV,marzo,9.32,2.0,0.87,8.0,2017.0,2,3,2017-3-2
166,7.0,GAV,abril,8.45,1.0,1.27,15.0,2017.0,2,4,2017-4-1
167,3.0,GAV,abril,6.9,2.0,0.85,5.0,2017.0,2,4,2017-4-2
168,3.0,GAV,mayo,9.38,1.0,0.98,3.0,2017.0,2,5,2017-5-1
169,2.0,GAV,mayo,9.69,2.0,0.96,6.0,2017.0,2,5,2017-5-2
170,5.0,GAV,junio,8.07,1.0,1.02,7.0,2017.0,2,6,2017-6-1
171,9.0,GAV,junio,5.88,2.0,0.75,5.0,2017.0,2,6,2017-6-2
172,8.0,GAV,julio,7.13,1.0,0.69,2.0,2017.0,2,7,2017-7-1
173,6.0,GAV,julio,6.04,2.0,0.59,4.0,2017.0,2,7,2017-7-2
174,6.0,GAV,agosto,9.92,1.0,0.71,2.0,2017.0,2,8,2017-8-1
175,4.0,GAV,agosto,6.48,2.0,0.41,2.0,2017.0,2,8,2017-8-2
176,8.0,GAV,septiembre,5.68,1.0,0.47,5.0,2017.0,2,9,2017-9-1
177,2.0,GAV,septiembre,8.07,2.0,0.4,3.0,2017.0,2,9,2017-9-2
178,6.0,GAV,octubre,6.89,1.0,0.56,4.0,2017.0,2,10,2017-10-1
179,3.0,GAV,octubre,7.87,2.0,0.72,4.0,2017.0,2,10,2017-10-2
180,2.0,GAV,noviembre,6.73,1.0,0.91,7.0,2017.0,2,11,2017-11-1
181,2.0,GAV,noviembre,10.0,2.0,0.59,6.0,2017.0,2,11,2017-11-2
182,3.0,GAV,diciembre,8.74,1.0,0.52,3.0,2017.0,2,12,2017-12-1
183,2.0,GAV,diciembre,15.2,2.0,1.11,10.0,2017.0,2,12,2017-12-2
184,2.0,GAV,enero,9.82,1.0,0.77,12.0,2018.0,2,1,2018-1-1
185,3.0,GAV,enero,9.42,2.0,0.51,13.0,2018.0,2,1,2018-1-2
186,8.0,GAV,febrero,10.0,1.0,0.59,9.0,2018.0,2,2,2018-2-1
187,3.0,GAV,febrero,12.4,2.0,0.41,7.2,2018.0,2,2,2018-2-2
188,3.0,GAV,marzo,9.65,1.0,0.39,5.2,2018.0,2,3,2018-3-1
189,2.0,GAV,marzo,9.18,2.0,0.34,5.2,2018.0,2,3,2018-3-2
190,3.0,GAV,abril,1.3,1.0,0.4,3.2,2018.0,2,4,2018-4-1
191,3.0,GAV,abril,7.5,2.0,0.36,2.8,2018.0,2,4,2018-4-2
192,5.0,GAV,mayo,8.61,1.0,0.79,6.4,2018.0,2,5,2018-5-1
193,3.0,GAV,mayo,10.9,2.0,0.67,5.6,2018.0,2,5,2018-5-2
194,11.0,GAV,junio,7.77,1.0,0.37,6.4,2018.0,2,6,2018-6-1
195,3.0,GAV,junio,9.42,2.0,0.43,5.6,2018.0,2,6,2018-6-2
196,2.0,GAV,julio,11.5,1.0,0.48,3.6,2018.0,2,7,2018-7-1
197,6.0,GAV,julio,9.42,2.0,0.4,3.2,2018.0,2,7,2018-7-2
198,7.0,GAV,agosto,9.66,1.0,0.41,3.0,2018.0,2,8,2018-8-1
199,6.0,GAV,agosto,6.73,2.0,0.59,2.0,2018.0,2,8,2018-8-2
200,3.0,GAV,septiembre,9.78,1.0,0.5,2.0,2018.0,2,9,2018-9-1
201,6.0,GAV,septiembre,9.35,2.0,0.6,3.4,2018.0,2,9,2018-9-2
202,7.0,GAV,octubre,8.64,1.0,0.34,2.9,2018.0,2,10,2018-10-1
203,3.0,GAV,octubre,9.34,2.0,0.49,3.2,2018.0,2,10,2018-10-2
204,10.2,GAV,noviembre,10.9,1.0,0.36,2.6,2018.0,2,11,2018-11-1
205,3.8,GAV,noviembre,9.3,2.0,0.36,3.4,2018.0,2,11,2018-11-2
206,8.7,GAV,diciembre,9.3,1.0,0.5,3.2,2018.0,2,12,2018-12-1
207,5.0,GAV,diciembre,9.42,2.0,0.73,5.2,2018.0,2,12,2018-12-2
208,2.0,GAV,enero,11.1,1.0,0.51,12.0,2019.0,2,1,2019-1-1
209,5.0,GAV,enero,8.03,2.0,0.48,5.0,2019.0,2,1,2019-1-2
210,2.0,GAV,febrero,8.63,1.0,0.26,2.6,2019.0,2,2,2019-2-1
211,4.0,GAV,febrero,11.1,2.0,0.49,4.0,2019.0,2,2,2019-2-2
212,2.0,GAV,marzo,9.11,1.0,0.31,2.0,2019.0,2,3,2019-3-1
213,2.0,GAV,marzo,8.77,2.0,0.43,7.8,2019.0,2,3,2019-3-2
214,3.0,GAV,abril,6.65,1.0,0.38,2.0,2019.0,2,4,2019-4-1
215,3.0,GAV,abril,8.66,2.0,0.61,2.0,2019.0,2,4,2019-4-2
216,3.0,GAV,mayo,8.75,1.0,0.51,4.0,2019.0,2,5,2019-5-1
217,7.0,GAV,mayo,5.6,2.0,0.35,2.4,2019.0,2,5,2019-5-2
218,4.0,GAV,junio,6.25,1.0,0.58,2.8,2019.0,2,6,2019-6-1
219,5.0,GAV,junio,5.87,2.0,0.53,2.0,2019.0,2,6,2019-6-2
220,8.0,GAV,julio,6.63,1.0,0.63,2.4,2019.0,2,7,2019-7-1
221,7.0,GAV,julio,5.74,2.0,0.75,2.0,2019.0,2,7,2019-7-2
222,9.0,GAV,agosto,7.68,1.0,0.73,5.3,2019.0,2,8,2019-8-1
223,2.0,GAV,agosto,7.05,2.0,0.7,2.2,2019.0,2,8,2019-8-2
224,11.0,GAV,septiembre,7.92,1.0,0.54,2.8,2019.0,2,9,2019-9-1
225,5.0,GAV,septiembre,7.51,2.0,0.77,3.0,2019.0,2,9,2019-9-2
226,4.0,GAV,octubre,8.76,1.0,0.64,4.0,2019.0,2,10,2019-10-1
227,2.0,GAV,octubre,7.42,2.0,0.5,2.4,2019.0,2,10,2019-10-2
228,3.0,GAV,noviembre,9.06,1.0,0.49,7.7,2019.0,2,11,2019-11-1
229,2.0,GAV,noviembre,8.82,2.0,0.56,2.0,2019.0,2,11,2019-11-2
230,10.0,GAV,diciembre,6.01,1.0,0.556,3.4,2019.0,2,12,2019-12-1
231,1.8,GAV,diciembre,8.97,2.0,0.264,1.7,2019.0,2,12,2019-12-2
232,5.0,GAV,enero,9.66,1.0,0.605,10.0,2020.0,2,1,2020-1-1
233,5.0,GAV,enero,8.61,2.0,0.611,11.0,2020.0,2,1,2020-1-2
234,4.0,GAV,febrero,7.87,1.0,0.765,6.4,2020.0,2,2,2020-2-1
235,4.0,GAV,febrero,7.71,2.0,0.747,5.0,2020.0,2,2,2020-2-2
236,4.0,GAV,marzo,9.66,1.0,0.752,9.2,2020.0,2,3,2020-3-1
237,2.0,GAV,marzo,9.7,2.0,0.6729999999999999,5.8,2020.0,2,3,2020-3-2
240,18.0,BUT,enero,9.830674846625767,1.0,1.2,9.0,2017.0,2,1,2017-1-1
241,5.0,BUT,enero,9.874233128834355,2.0,0.41,12.0,2017.0,2,1,2017-1-2
242,8.0,BUT,febrero,9.917791411042945,1.0,0.28,12.0,2017.0,2,2,2017-2-1
243,8.0,BUT,febrero,9.961349693251533,2.0,0.41,13.0,2017.0,2,2,2017-2-2
244,18.0,BUT,marzo,10.004907975460123,1.0,0.63,14.0,2017.0,2,3,2017-3-1
245,10.0,BUT,marzo,10.04846625766871,2.0,0.36,9.0,2017.0,2,3,2017-3-2
246,11.0,BUT,abril,10.0920245398773,1.0,0.46,14.0,2017.0,2,4,2017-4-1
247,5.0,BUT,abril,10.135582822085889,2.0,0.36,5.0,2017.0,2,4,2017-4-2
248,8.0,BUT,mayo,10.179141104294478,1.0,0.39,9.0,2017.0,2,5,2017-5-1
249,8.0,BUT,mayo,10.222699386503066,2.0,0.54,8.0,2017.0,2,5,2017-5-2
250,9.0,BUT,junio,10.266257668711656,1.0,0.58,10.0,2017.0,2,6,2017-6-1
251,6.0,BUT,junio,10.309815950920244,2.0,0.8,7.0,2017.0,2,6,2017-6-2
252,7.0,BUT,julio,10.353374233128834,1.0,0.42,9.0,2017.0,2,7,2017-7-1
253,10.0,BUT,julio,10.396932515337422,2.0,0.3,3.0,2017.0,2,7,2017-7-2
254,7.0,BUT,agosto,10.440490797546012,1.0,0.3,9.0,2017.0,2,8,2017-8-1
255,5.0,BUT,agosto,10.4840490797546,2.0,0.34,7.0,2017.0,2,8,2017-8-2
256,7.0,BUT,septiembre,10.52760736196319,1.0,0.44,8.0,2017.0,2,9,2017-9-1
257,6.0,BUT,septiembre,10.571165644171778,2.0,0.61,12.0,2017.0,2,9,2017-9-2
258,11.0,BUT,octubre,10.614723926380368,1.0,0.44,5.0,2017.0,2,10,2017-10-1
259,7.0,BUT,octubre,10.658282208588956,2.0,0.24,6.0,2017.0,2,10,2017-10-2
260,7.0,BUT,noviembre,10.701840490797546,1.0,0.44,8.0,2017.0,2,11,2017-11-1
261,8.0,BUT,noviembre,10.745398773006134,2.0,0.37,12.0,2017.0,2,11,2017-11-2
262,5.0,BUT,diciembre,10.788957055214723,1.0,0.31,8.0,2017.0,2,12,2017-12-1
263,10.0,BUT,diciembre,10.832515337423313,2.0,0.36,8.0,2017.0,2,12,2017-12-2
264,14.0,BUT,enero,10.876073619631901,1.0,0.53,12.0,2018.0,2,1,2018-1-1
265,14.0,BUT,enero,10.91963190184049,2.0,0.59,14.0,2018.0,2,1,2018-1-2
266,9.0,BUT,febrero,10.963190184049079,1.0,0.21,11.0,2018.0,2,2,2018-2-1
267,12.0,BUT,febrero,11.006748466257669,2.0,0.52,11.0,2018.0,2,2,2018-2-2
268,5.0,BUT,marzo,11.050306748466257,1.0,0.25,4.0,2018.0,2,3,2018-3-1
269,8.0,BUT,marzo,11.093865030674847,2.0,0.4,11.0,2018.0,2,3,2018-3-2
270,9.0,BUT,abril,11.137423312883435,1.0,0.27,5.0,2018.0,2,4,2018-4-1
271,5.0,BUT,abril,11.180981595092025,2.0,0.2,5.0,2018.0,2,4,2018-4-2
272,8.0,BUT,mayo,11.224539877300613,1.0,0.45,9.0,2018.0,2,5,2018-5-1
273,8.0,BUT,mayo,11.268098159509202,2.0,0.61,7.0,2018.0,2,5,2018-5-2
274,10.0,BUT,junio,11.31165644171779,1.0,0.34,12.0,2018.0,2,6,2018-6-1
275,8.0,BUT,junio,11.35521472392638,2.0,0.75,7.0,2018.0,2,6,2018-6-2
276,8.0,BUT,julio,11.398773006134968,1.0,0.53,9.0,2018.0,2,7,2018-7-1
277,7.0,BUT,julio,11.442331288343558,2.0,0.54,9.0,2018.0,2,7,2018-7-2
278,12.0,BUT,agosto,11.485889570552146,1.0,0.46,9.0,2018.0,2,8,2018-8-1
279,11.0,BUT,agosto,11.529447852760736,2.0,0.59,9.0,2018.0,2,8,2018-8-2
280,5.0,BUT,septiembre,11.573006134969324,1.0,0.4,8.0,2018.0,2,9,2018-9-1
281,9.0,BUT,septiembre,11.616564417177914,2.0,0.45,14.0,2018.0,2,9,2018-9-2
282,5.0,BUT,octubre,11.660122699386502,1.0,0.47,16.0,2018.0,2,10,2018-10-1
283,20.0,BUT,octubre,11.703680981595092,2.0,0.35,11.0,2018.0,2,10,2018-10-2
284,17.0,BUT,noviembre,11.747239263803682,1.0,0.81,15.0,2018.0,2,11,2018-11-1
285,5.0,BUT,noviembre,11.79079754601227,2.0,0.22,35.0,2018.0,2,11,2018-11-2
286,7.0,BUT,diciembre,11.834355828220858,1.0,0.46,14.0,2018.0,2,12,2018-12-1
287,11.0,BUT,diciembre,11.877914110429447,2.0,0.42,24.0,2018.0,2,12,2018-12-2
288,6.0,BUT,enero,11.921472392638037,1.0,0.79,12.0,2019.0,2,1,2019-1-1
289,11.0,BUT,enero,11.965030674846625,2.0,0.6,13.0,2019.0,2,1,2019-1-2
290,7.0,BUT,febrero,12.008588957055213,1.0,0.26,18.0,2019.0,2,2,2019-2-1
291,5.0,BUT,febrero,12.052147239263803,2.0,0.57,15.0,2019.0,2,2,2019-2-2
292,8.0,BUT,marzo,12.095705521472393,1.0,0.65,17.0,2019.0,2,3,2019-3-1
293,12.0,BUT,marzo,12.139263803680981,2.0,0.61,17.0,2019.0,2,3,2019-3-2
294,10.0,BUT,abril,12.182822085889569,1.0,0.66,17.0,2019.0,2,4,2019-4-1
295,7.0,BUT,abril,12.226380368098159,2.0,0.45,11.0,2019.0,2,4,2019-4-2
296,6.0,BUT,mayo,12.269938650306749,1.0,0.75,13.0,2019.0,2,5,2019-5-1
297,7.0,BUT,mayo,12.313496932515337,2.0,0.49,15.0,2019.0,2,5,2019-5-2
298,11.0,BUT,junio,12.357055214723927,1.0,0.56,18.0,2019.0,2,6,2019-6-1
299,5.0,BUT,junio,12.400613496932515,2.0,0.68,14.0,2019.0,2,6,2019-6-2
300,12.0,BUT,julio,12.444171779141104,1.0,0.49,9.0,2019.0,2,7,2019-7-1
301,9.0,BUT,julio,12.487730061349692,2.0,0.53,11.0,2019.0,2,7,2019-7-2
302,9.0,BUT,agosto,12.531288343558282,1.0,0.45,11.0,2019.0,2,8,2019-8-1
303,30.0,BUT,agosto,12.57484662576687,2.0,0.61,14.0,2019.0,2,8,2019-8-2
304,15.0,BUT,septiembre,12.61840490797546,1.0,0.45,10.0,2019.0,2,9,2019-9-1
305,6.0,BUT,septiembre,12.661963190184048,2.0,0.41,9.0,2019.0,2,9,2019-9-2
306,5.0,BUT,octubre,12.705521472392638,1.0,0.62,9.0,2019.0,2,10,2019-10-1
307,8.0,BUT,octubre,12.749079754601226,2.0,0.51,12.0,2019.0,2,10,2019-10-2
308,21.0,BUT,noviembre,12.792638036809816,1.0,0.8,13.0,2019.0,2,11,2019-11-1
309,13.0,BUT,noviembre,12.836196319018406,2.0,0.6,15.0,2019.0,2,11,2019-11-2
310,4.8,BUT,diciembre,12.879754601226994,1.0,0.45,10.0,2019.0,2,12,2019-12-1
311,10.0,BUT,diciembre,12.923312883435582,2.0,0.45,14.0,2019.0,2,12,2019-12-2
312,12.0,BUT,enero,12.966871165644172,1.0,0.65,15.0,2020.0,2,1,2020-1-1
313,9.0,BUT,enero,13.010429447852761,2.0,0.6,13.0,2020.0,2,1,2020-1-2
314,5.0,BUT,febrero,13.05398773006135,1.0,0.67,17.0,2020.0,2,2,2020-2-1
315,8.0,BUT,febrero,13.097546012269937,2.0,0.68,14.0,2020.0,2,2,2020-2-2
316,5.0,BUT,marzo,13.141104294478527,1.0,0.59,5.0,2020.0,2,3,2020-3-1
317,7.0,BUT,marzo,13.184662576687117,2.0,0.36,15.0,2020.0,2,3,2020-3-2
320,5.0,SUR,enero,13.315337423312883,1.0,0.57,7.0,2017.0,1,1,2017-1-1
321,10.0,SUR,enero,13.358895705521473,2.0,0.47,9.0,2017.0,1,1,2017-1-2
322,8.0,SUR,febrero,13.40245398773006,1.0,0.57,11.0,2017.0,1,2,2017-2-1
323,5.0,SUR,febrero,13.44601226993865,2.0,0.53,15.0,2017.0,1,2,2017-2-2
324,10.0,SUR,marzo,13.489570552147239,1.0,0.77,14.0,2017.0,1,3,2017-3-1
325,8.0,SUR,marzo,13.533128834355828,2.0,0.61,13.0,2017.0,1,3,2017-3-2
326,8.5,SUR,abril,13.576687116564417,1.0,0.61,13.0,2017.0,1,4,2017-4-1
327,10.0,SUR,abril,13.620245398773006,2.0,1.09,22.0,2017.0,1,4,2017-4-2
328,20.0,SUR,mayo,13.663803680981594,1.0,0.83,14.0,2017.0,1,5,2017-5-1
329,8.0,SUR,mayo,13.707361963190184,2.0,0.54,10.0,2017.0,1,5,2017-5-2
330,9.0,SUR,junio,13.750920245398774,1.0,0.65,12.0,2017.0,1,6,2017-6-1
331,4.5,SUR,junio,13.794478527607362,2.0,0.83,5.5,2017.0,1,6,2017-6-2
332,8.0,SUR,julio,13.83803680981595,1.0,0.54,10.0,2017.0,1,7,2017-7-1
333,5.0,SUR,julio,13.88159509202454,2.0,0.35,9.0,2017.0,1,7,2017-7-2
334,11.0,SUR,agosto,13.92515337423313,1.0,0.46,14.0,2017.0,1,8,2017-8-1
335,5.0,SUR,agosto,13.968711656441718,2.0,0.69,14.0,2017.0,1,8,2017-8-2
336,6.0,SUR,septiembre,14.012269938650306,1.0,0.89,16.0,2017.0,1,9,2017-9-1
337,5.0,SUR,septiembre,14.055828220858896,2.0,0.33,15.0,2017.0,1,9,2017-9-2
338,12.0,SUR,octubre,14.099386503067485,1.0,0.71,19.0,2017.0,1,10,2017-10-1
339,5.0,SUR,octubre,14.142944785276073,2.0,0.42,9.0,2017.0,1,10,2017-10-2
340,16.0,SUR,noviembre,14.186503067484661,1.0,0.48,12.0,2017.0,1,11,2017-11-1
341,5.0,SUR,noviembre,14.230061349693251,2.0,0.26,12.0,2017.0,1,11,2017-11-2
342,12.0,SUR,diciembre,14.273619631901841,1.0,0.27,13.0,2017.0,1,12,2017-12-1
343,6.0,SUR,diciembre,14.31717791411043,2.0,0.56,15.0,2017.0,1,12,2017-12-2
344,6.0,SUR,enero,14.360736196319017,1.0,0.27,11.0,2018.0,1,1,2018-1-1
345,5.0,SUR,enero,14.404294478527607,2.0,0.42,8.0,2018.0,1,1,2018-1-2
346,8.0,SUR,febrero,14.447852760736197,1.0,0.15,14.0,2018.0,1,2,2018-2-1
347,17.0,SUR,febrero,14.491411042944785,2.0,0.34,10.0,2018.0,1,2,2018-2-2
348,5.0,SUR,marzo,14.534969325153373,1.0,0.28,9.0,2018.0,1,3,2018-3-1
349,5.0,SUR,marzo,14.578527607361963,2.0,0.42,11.0,2018.0,1,3,2018-3-2
350,12.0,SUR,abril,14.622085889570553,1.0,0.53,12.0,2018.0,1,4,2018-4-1
351,5.0,SUR,abril,14.66564417177914,2.0,0.75,15.0,2018.0,1,4,2018-4-2
352,5.0,SUR,mayo,14.709202453987729,1.0,0.41,9.0,2018.0,1,5,2018-5-1
353,7.0,SUR,mayo,14.752760736196318,2.0,0.64,11.0,2018.0,1,5,2018-5-2
354,7.0,SUR,junio,14.796319018404908,1.0,0.73,11.0,2018.0,1,6,2018-6-1
355,7.0,SUR,junio,14.839877300613498,2.0,0.52,11.0,2018.0,1,6,2018-6-2
356,7.0,SUR,julio,14.883435582822086,1.0,0.38,10.0,2018.0,1,7,2018-7-1
357,5.0,SUR,julio,14.926993865030674,2.0,0.25,8.0,2018.0,1,7,2018-7-2
358,15.0,SUR,agosto,14.970552147239264,1.0,0.91,13.0,2018.0,1,8,2018-8-1
359,8.0,SUR,agosto,15.014110429447854,2.0,0.59,12.0,2018.0,1,8,2018-8-2
360,5.0,SUR,septiembre,15.057668711656442,1.0,0.45,15.0,2018.0,1,9,2018-9-1
361,11.0,SUR,septiembre,15.10122699386503,2.0,0.38,11.0,2018.0,1,9,2018-9-2
362,30.0,SUR,octubre,15.14478527607362,1.0,0.33,11.0,2018.0,1,10,2018-10-1
363,11.0,SUR,octubre,15.18834355828221,2.0,0.4,9.0,2018.0,1,10,2018-10-2
364,5.0,SUR,noviembre,15.231901840490798,1.0,0.23,9.0,2018.0,1,11,2018-11-1
365,5.0,SUR,noviembre,15.275460122699386,2.0,1.01,18.0,2018.0,1,11,2018-11-2
366,8.0,SUR,diciembre,15.319018404907975,1.0,0.68,14.0,2018.0,1,12,2018-12-1
367,7.0,SUR,diciembre,15.362576687116565,2.0,0.39,11.0,2018.0,1,12,2018-12-2
368,6.0,SUR,enero,15.406134969325153,1.0,0.8,12.0,2019.0,1,1,2019-1-1
369,5.0,SUR,enero,15.449693251533741,2.0,0.67,9.0,2019.0,1,1,2019-1-2
370,5.0,SUR,febrero,15.493251533742331,1.0,0.47,12.0,2019.0,1,2,2019-2-1
371,5.0,SUR,febrero,15.536809815950921,2.0,0.38,10.0,2019.0,1,2,2019-2-2
372,9.0,SUR,marzo,15.580368098159509,1.0,0.55,12.0,2019.0,1,3,2019-3-1
373,8.0,SUR,marzo,15.623926380368097,2.0,0.36,8.0,2019.0,1,3,2019-3-2
374,10.0,SUR,abril,15.667484662576687,1.0,0.45,17.0,2019.0,1,4,2019-4-1
375,6.0,SUR,abril,15.711042944785277,2.0,0.38,9.0,2019.0,1,4,2019-4-2
376,6.0,SUR,mayo,15.754601226993865,1.0,0.45,10.0,2019.0,1,5,2019-5-1
377,7.0,SUR,mayo,15.798159509202453,2.0,0.31,22.0,2019.0,1,5,2019-5-2
378,5.0,SUR,junio,15.841717791411043,1.0,0.41,13.0,2019.0,1,6,2019-6-1
379,9.0,SUR,junio,15.885276073619632,2.0,0.56,11.0,2019.0,1,6,2019-6-2
380,7.0,SUR,julio,15.928834355828222,1.0,0.35,6.0,2019.0,1,7,2019-7-1
381,7.0,SUR,julio,15.97239263803681,2.0,0.3,8.0,2019.0,1,7,2019-7-2
382,5.0,SUR,agosto,16.0159509202454,1.0,0.74,11.0,2019.0,1,8,2019-8-1
383,5.0,SUR,agosto,16.059509202453988,2.0,0.67,10.0,2019.0,1,8,2019-8-2
384,14.0,SUR,septiembre,16.103067484662578,1.0,0.54,13.0,2019.0,1,9,2019-9-1
385,12.0,SUR,septiembre,16.146625766871168,2.0,0.78,15.0,2019.0,1,9,2019-9-2
386,5.0,SUR,octubre,16.190184049079754,1.0,0.71,11.0,2019.0,1,10,2019-10-1
387,11.0,SUR,octubre,16.233742331288344,2.0,1.0,16.0,2019.0,1,10,2019-10-2
388,7.0,SUR,noviembre,16.277300613496934,1.0,1.08,19.0,2019.0,1,11,2019-11-1
389,11.0,SUR,noviembre,16.32085889570552,2.0,0.58,13.0,2019.0,1,11,2019-11-2
390,4.7,SUR,diciembre,16.36441717791411,1.0,0.71,17.0,2019.0,1,12,2019-12-1
391,11.0,SUR,diciembre,16.4079754601227,2.0,0.67,16.0,2019.0,1,12,2019-12-2
392,12.0,SUR,enero,16.45153374233129,1.0,0.82,12.0,2020.0,1,1,2020-1-1
393,5.0,SUR,enero,16.49509202453988,2.0,0.63,18.0,2020.0,1,1,2020-1-2
394,8.0,SUR,febrero,16.538650306748465,1.0,0.59,11.0,2020.0,1,2,2020-2-1
395,5.0,SUR,febrero,16.582208588957055,2.0,0.51,11.0,2020.0,1,2,2020-2-2
396,5.0,SUR,marzo,16.625766871165645,1.0,0.43,21.0,2020.0,1,3,2020-3-1
397,11.0,SUR,marzo,16.66932515337423,2.0,0.43,12.0,2020.0,1,3,2020-3-2
400,6.0,SOR,enero,16.8,1.0,0.68,13.0,2017.0,1,1,2017-1-1
401,2.0,SOR,enero,11.1,2.0,0.62,16.0,2017.0,1,1,2017-1-2
402,3.0,SOR,febrero,7.86,1.0,0.55,12.0,2017.0,1,2,2017-2-1
403,3.0,SOR,febrero,9.8,2.0,0.57,7.0,2017.0,1,2,2017-2-2
404,7.0,SOR,marzo,11.3,1.0,0.63,10.0,2017.0,1,3,2017-3-1
405,6.0,SOR,marzo,11.7,2.0,0.79,10.0,2017.0,1,3,2017-3-2
406,6.0,SOR,abril,16.0,1.0,0.76,11.0,2017.0,1,4,2017-4-1
407,5.0,SOR,abril,17.7,2.0,0.76,8.0,2017.0,1,4,2017-4-2
408,5.0,SOR,mayo,12.0,1.0,0.61,8.0,2017.0,1,5,2017-5-1
409,6.0,SOR,mayo,11.3,2.0,0.61,9.0,2017.0,1,5,2017-5-2
410,6.0,SOR,junio,12.3,1.0,0.73,9.0,2017.0,1,6,2017-6-1
411,3.0,SOR,junio,10.8,2.0,0.86,6.0,2017.0,1,6,2017-6-2
412,7.0,SOR,julio,8.8,1.0,0.97,12.0,2017.0,1,7,2017-7-1
413,3.0,SOR,julio,11.7,2.0,0.69,7.0,2017.0,1,7,2017-7-2
414,4.0,SOR,agosto,14.6,1.0,0.63,7.0,2017.0,1,8,2017-8-1
415,4.0,SOR,agosto,9.34,2.0,0.57,4.0,2017.0,1,8,2017-8-2
416,5.0,SOR,septiembre,11.0,1.0,0.65,6.0,2017.0,1,9,2017-9-1
417,3.0,SOR,septiembre,6.61,2.0,0.57,5.0,2017.0,1,9,2017-9-2
418,3.0,SOR,octubre,6.61,1.0,0.57,5.0,2017.0,1,10,2017-10-1
419,2.0,SOR,octubre,4.13,2.0,0.25,5.0,2017.0,1,10,2017-10-2
420,5.0,SOR,noviembre,9.85,1.0,0.53,5.0,2017.0,1,11,2017-11-1
421,4.0,SOR,noviembre,14.6,2.0,0.55,6.0,2017.0,1,11,2017-11-2
422,3.0,SOR,diciembre,7.9,1.0,0.41,10.0,2017.0,1,12,2017-12-1
423,7.0,SOR,diciembre,10.8,2.0,0.43,16.0,2017.0,1,12,2017-12-2
424,9.0,SOR,enero,16.7,1.0,1.02,32.0,2018.0,1,1,2018-1-1
425,6.0,SOR,enero,11.9,2.0,0.3,7.0,2018.0,1,1,2018-1-2
426,3.0,SOR,febrero,12.8,1.0,0.46,8.0,2018.0,1,2,2018-2-1
427,6.0,SOR,febrero,12.9,2.0,0.71,29.0,2018.0,1,2,2018-2-2
428,2.0,SOR,marzo,6.46,1.0,0.4,16.0,2018.0,1,3,2018-3-1
429,5.0,SOR,marzo,8.33,2.0,0.54,10.0,2018.0,1,3,2018-3-2
430,3.0,SOR,abril,7.28,1.0,0.54,8.4,2018.0,1,4,2018-4-1
431,9.0,SOR,abril,6.58,2.0,0.68,18.0,2018.0,1,4,2018-4-2
432,8.0,SOR,mayo,7.8,1.0,0.45,9.2,2018.0,1,5,2018-5-1
433,3.0,SOR,mayo,6.94,2.0,0.63,8.0,2018.0,1,5,2018-5-2
434,4.0,SOR,junio,9.63,1.0,0.41,8.1,2018.0,1,6,2018-6-1
435,3.0,SOR,junio,7.58,2.0,0.38,8.0,2018.0,1,6,2018-6-2
436,6.0,SOR,julio,6.96,1.0,0.48,15.0,2018.0,1,7,2018-7-1
437,8.0,SOR,julio,7.58,2.0,0.46,4.8,2018.0,1,7,2018-7-2
438,4.0,SOR,agosto,9.65,1.0,0.42,4.0,2018.0,1,8,2018-8-1
439,5.0,SOR,agosto,8.86,2.0,0.68,4.8,2018.0,1,8,2018-8-2
440,4.0,SOR,septiembre,9.94,1.0,0.35,2.8,2018.0,1,9,2018-9-1
441,6.0,SOR,septiembre,9.15,2.0,0.61,8.0,2018.0,1,9,2018-9-2
442,2.0,SOR,octubre,7.0,1.0,0.36,4.0,2018.0,1,10,2018-10-1
443,3.0,SOR,octubre,7.34,2.0,0.31,6.4,2018.0,1,10,2018-10-2
444,11.0,SOR,noviembre,9.6,1.0,0.33,7.5,2018.0,1,11,2018-11-1
445,8.9,SOR,noviembre,7.5,2.0,0.41,10.2,2018.0,1,11,2018-11-2
446,9.8,SOR,diciembre,9.0,1.0,0.28,5.0,2018.0,1,12,2018-12-1
447,4.0,SOR,diciembre,7.58,2.0,0.61,6.6,2018.0,1,12,2018-12-2
448,3.0,SOR,enero,7.17,1.0,0.24,7.6,2019.0,1,1,2019-1-1
449,2.0,SOR,enero,7.53,2.0,0.48,11.0,2019.0,1,1,2019-1-2
450,2.0,SOR,febrero,8.68,1.0,1.88,4.8,2019.0,1,2,2019-2-1
451,5.0,SOR,febrero,9.91,2.0,0.52,14.0,2019.0,1,2,2019-2-2
452,2.0,SOR,marzo,7.27,1.0,0.23,8.4,2019.0,1,3,2019-3-1
453,2.0,SOR,marzo,8.12,2.0,0.32,7.4,2019.0,1,3,2019-3-2
454,2.0,SOR,abril,5.65,1.0,0.22,4.4,2019.0,1,4,2019-4-1
455,2.0,SOR,abril,7.48,2.0,0.37,5.8,2019.0,1,4,2019-4-2
456,4.0,SOR,mayo,7.45,1.0,0.22,3.6,2019.0,1,5,2019-5-1
457,5.0,SOR,mayo,6.12,2.0,0.17,2.2,2019.0,1,5,2019-5-2
458,5.0,SOR,junio,6.19,1.0,0.21,2.0,2019.0,1,6,2019-6-1
459,6.0,SOR,junio,6.99,2.0,0.6,4.5,2019.0,1,6,2019-6-2
460,7.0,SOR,julio,6.78,1.0,0.25,5.0,2019.0,1,7,2019-7-1
461,5.0,SOR,julio,8.69,2.0,0.39,5.6,2019.0,1,7,2019-7-2
462,8.0,SOR,agosto,6.2,1.0,0.44,7.2,2019.0,1,8,2019-8-1
463,6.0,SOR,agosto,8.2,2.0,0.39,2.2,2019.0,1,8,2019-8-2
464,10.0,SOR,septiembre,8.14,1.0,0.57,5.6,2019.0,1,9,2019-9-1
465,5.0,SOR,septiembre,8.94,2.0,0.54,4.2,2019.0,1,9,2019-9-2
466,5.0,SOR,octubre,7.91,1.0,0.35,23.0,2019.0,1,10,2019-10-1
467,3.0,SOR,octubre,9.22,2.0,0.49,7.2,2019.0,1,10,2019-10-2
468,3.0,SOR,noviembre,8.59,1.0,0.25,3.4,2019.0,1,11,2019-11-1
469,2.0,SOR,noviembre,8.87,2.0,0.39,2.4,2019.0,1,11,2019-11-2
470,8.0,SOR,diciembre,6.65,1.0,0.617,15.0,2019.0,1,12,2019-12-1
471,2.0,SOR,diciembre,8.66,2.0,0.379,3.2,2019.0,1,12,2019-12-2
472,5.0,SOR,enero,8.95,1.0,0.203,12.0,2020.0,1,1,2020-1-1
473,3.0,SOR,enero,5.84,2.0,0.45899999999999996,16.0,2020.0,1,1,2020-1-2
474,5.0,SOR,febrero,9.57,1.0,0.48200000000000004,4.6,2020.0,1,2,2020-2-1
475,2.0,SOR,febrero,8.66,2.0,0.213,4.6,2020.0,1,2,2020-2-2
476,3.0,SOR,marzo,19.3,1.0,0.54,9.5,2020.0,1,3,2020-3-1
477,2.0,SOR,marzo,8.88,2.0,0.617,10.0,2020.0,1,3,2020-3-2
480,13.0,VAL,enero,8.88,1.0,0.85,16.0,2017.0,1,1,2017-1-1
481,15.0,VAL,enero,8.88,2.0,0.62,17.0,2017.0,1,1,2017-1-2
482,13.0,VAL,febrero,8.88,1.0,0.6,20.0,2017.0,1,2,2017-2-1
483,17.0,VAL,febrero,8.88,2.0,0.56,16.0,2017.0,1,2,2017-2-2
484,20.0,VAL,marzo,8.88,1.0,0.99,21.0,2017.0,1,3,2017-3-1
485,13.0,VAL,marzo,8.88,2.0,0.59,11.0,2017.0,1,3,2017-3-2
486,12.0,VAL,abril,8.88,1.0,0.81,18.0,2017.0,1,4,2017-4-1
487,10.0,VAL,abril,8.88,2.0,0.93,13.0,2017.0,1,4,2017-4-2
488,14.0,VAL,mayo,8.88,1.0,0.75,19.0,2017.0,1,5,2017-5-1
489,13.0,VAL,mayo,8.88,2.0,0.72,14.0,2017.0,1,5,2017-5-2
490,12.0,VAL,junio,8.88,1.0,0.82,13.0,2017.0,1,6,2017-6-1
491,11.0,VAL,junio,8.88,2.0,0.69,13.0,2017.0,1,6,2017-6-2
492,19.0,VAL,julio,8.88,1.0,1.04,39.0,2017.0,1,7,2017-7-1
493,7.0,VAL,julio,8.88,2.0,0.64,8.0,2017.0,1,7,2017-7-2
494,8.0,VAL,agosto,8.88,1.0,0.53,6.0,2017.0,1,8,2017-8-1
495,10.0,VAL,agosto,8.88,2.0,0.63,8.0,2017.0,1,8,2017-8-2
496,15.0,VAL,septiembre,8.88,1.0,0.78,13.0,2017.0,1,9,2017-9-1
497,18.0,VAL,septiembre,8.88,2.0,0.53,9.0,2017.0,1,9,2017-9-2
498,13.0,VAL,octubre,8.88,1.0,1.31,16.0,2017.0,1,10,2017-10-1
499,7.0,VAL,octubre,8.88,2.0,0.43,6.0,2017.0,1,10,2017-10-2
500,16.0,VAL,noviembre,8.88,1.0,0.7,15.0,2017.0,1,11,2017-11-1
501,16.0,VAL,noviembre,8.88,2.0,0.53,12.0,2017.0,1,11,2017-11-2
502,12.0,VAL,diciembre,8.88,1.0,0.71,10.0,2017.0,1,12,2017-12-1
503,10.0,VAL,diciembre,8.88,2.0,0.51,9.0,2017.0,1,12,2017-12-2
504,11.0,VAL,enero,8.88,1.0,0.42,12.0,2018.0,1,1,2018-1-1
505,8.0,VAL,enero,8.88,2.0,0.65,14.0,2018.0,1,1,2018-1-2
506,10.0,VAL,febrero,8.88,1.0,0.64,9.0,2018.0,1,2,2018-2-1
507,15.0,VAL,febrero,8.88,2.0,0.98,27.0,2018.0,1,2,2018-2-2
508,29.0,VAL,marzo,8.88,1.0,0.52,26.0,2018.0,1,3,2018-3-1
509,35.0,VAL,marzo,8.88,2.0,1.41,31.0,2018.0,1,3,2018-3-2
510,12.0,VAL,abril,8.88,1.0,0.63,13.0,2018.0,1,4,2018-4-1
511,5.0,VAL,abril,8.88,2.0,0.7,11.0,2018.0,1,4,2018-4-2
512,10.0,VAL,mayo,8.88,1.0,0.51,9.5,2018.0,1,5,2018-5-1
513,8.0,VAL,mayo,8.88,2.0,0.41,8.4,2018.0,1,5,2018-5-2
514,6.0,VAL,junio,8.88,1.0,0.75,7.0,2018.0,1,6,2018-6-1
515,8.0,VAL,junio,8.88,2.0,0.54,8.4,2018.0,1,6,2018-6-2
516,11.0,VAL,julio,8.88,1.0,0.57,8.4,2018.0,1,7,2018-7-1
517,10.0,VAL,julio,8.88,2.0,0.59,6.0,2018.0,1,7,2018-7-2
518,10.0,VAL,agosto,8.88,1.0,0.84,11.0,2018.0,1,8,2018-8-1
519,12.0,VAL,agosto,8.88,2.0,0.63,8.0,2018.0,1,8,2018-8-2
520,9.0,VAL,septiembre,8.88,1.0,1.3,14.0,2018.0,1,9,2018-9-1
521,13.0,VAL,septiembre,8.88,2.0,1.01,16.0,2018.0,1,9,2018-9-2
522,6.0,VAL,octubre,8.88,1.0,0.53,8.4,2018.0,1,10,2018-10-1
523,5.0,VAL,octubre,8.88,2.0,0.52,6.5,2018.0,1,10,2018-10-2
524,16.3,VAL,noviembre,8.88,1.0,1.55,22.0,2018.0,1,11,2018-11-1
525,13.2,VAL,noviembre,8.88,2.0,0.56,11.2,2018.0,1,11,2018-11-2
526,10.1,VAL,diciembre,8.88,1.0,0.95,11.6,2018.0,1,12,2018-12-1
527,10.0,VAL,diciembre,8.88,2.0,0.52,9.2,2018.0,1,12,2018-12-2
528,15.0,VAL,enero,8.88,1.0,0.95,15.0,2019.0,1,1,2019-1-1
529,12.0,VAL,enero,8.88,2.0,0.61,16.0,2019.0,1,1,2019-1-2
530,9.0,VAL,febrero,8.88,1.0,0.66,14.0,2019.0,1,2,2019-2-1
531,16.0,VAL,febrero,8.88,2.0,0.4,7.6,2019.0,1,2,2019-2-2
532,13.0,VAL,marzo,8.88,1.0,0.47,11.0,2019.0,1,3,2019-3-1
533,9.0,VAL,marzo,8.88,2.0,0.59,7.0,2019.0,1,3,2019-3-2
534,11.0,VAL,abril,8.88,1.0,0.72,8.5,2019.0,1,4,2019-4-1
535,9.0,VAL,abril,8.88,2.0,1.03,7.6,2019.0,1,4,2019-4-2
536,13.0,VAL,mayo,8.88,1.0,0.61,9.1,2019.0,1,5,2019-5-1
537,9.0,VAL,mayo,8.88,2.0,0.46,9.6,2019.0,1,5,2019-5-2
538,12.0,VAL,junio,8.88,1.0,0.8,12.0,2019.0,1,6,2019-6-1
539,12.0,VAL,junio,8.88,2.0,0.53,7.0,2019.0,1,6,2019-6-2
540,15.0,VAL,julio,8.88,1.0,0.68,5.0,2019.0,1,7,2019-7-1
541,7.0,VAL,julio,8.88,2.0,0.56,10.0,2019.0,1,7,2019-7-2
542,9.0,VAL,agosto,8.88,1.0,0.45,18.0,2019.0,1,8,2019-8-1
543,9.0,VAL,agosto,8.88,2.0,0.6,4.0,2019.0,1,8,2019-8-2
544,13.0,VAL,septiembre,8.88,1.0,0.63,5.1,2019.0,1,9,2019-9-1
545,9.0,VAL,septiembre,8.88,2.0,0.42,5.0,2019.0,1,9,2019-9-2
546,12.0,VAL,octubre,8.88,1.0,0.66,46.0,2019.0,1,10,2019-10-1
547,11.0,VAL,octubre,8.88,2.0,0.53,9.3,2019.0,1,10,2019-10-2
548,16.0,VAL,noviembre,8.88,1.0,0.67,14.0,2019.0,1,11,2019-11-1
549,15.0,VAL,noviembre,8.88,2.0,0.63,14.0,2019.0,1,11,2019-11-2
550,11.0,VAL,diciembre,8.88,1.0,0.299,8.6,2019.0,1,12,2019-12-1
551,14.0,VAL,diciembre,8.88,2.0,0.645,10.0,2019.0,1,12,2019-12-2
552,14.0,VAL,enero,8.88,1.0,0.653,14.0,2020.0,1,1,2020-1-1
553,18.0,VAL,enero,8.88,2.0,0.853,18.0,2020.0,1,1,2020-1-2
554,15.0,VAL,febrero,8.88,1.0,0.502,13.0,2020.0,1,2,2020-2-1
555,15.0,VAL,febrero,8.88,2.0,0.779,15.0,2020.0,1,2,2020-2-2
556,23.0,VAL,marzo,8.88,1.0,1.36,24.0,2020.0,1,3,2020-3-1
557,14.0,VAL,marzo,8.88,2.0,0.6,12.0,2020.0,1,3,2020-3-2
560,17.0,REJ,enero,8.88,1.0,0.78,20.0,2017.0,1,1,2017-1-1
561,16.0,REJ,enero,8.88,2.0,0.98,18.0,2017.0,1,1,2017-1-2
562,10.0,REJ,febrero,8.88,1.0,0.57,14.0,2017.0,1,2,2017-2-1
563,13.0,REJ,febrero,8.88,2.0,0.6,17.0,2017.0,1,2,2017-2-2
564,8.0,REJ,marzo,8.88,1.0,0.63,14.0,2017.0,1,3,2017-3-1
565,4.0,REJ,marzo,8.88,2.0,0.5,8.0,2017.0,1,3,2017-3-2
566,11.0,REJ,abril,8.88,1.0,0.63,17.0,2017.0,1,4,2017-4-1
567,13.0,REJ,abril,8.88,2.0,0.77,15.0,2017.0,1,4,2017-4-2
568,9.0,REJ,mayo,8.88,1.0,0.62,16.0,2017.0,1,5,2017-5-1
569,7.0,REJ,mayo,8.88,2.0,0.44,11.0,2017.0,1,5,2017-5-2
570,18.0,REJ,junio,8.88,1.0,0.86,17.0,2017.0,1,6,2017-6-1
571,12.0,REJ,junio,8.88,2.0,0.66,14.0,2017.0,1,6,2017-6-2
572,9.0,REJ,julio,8.88,1.0,0.36,6.0,2017.0,1,7,2017-7-1
573,7.0,REJ,julio,8.88,2.0,0.5,5.0,2017.0,1,7,2017-7-2
574,6.0,REJ,agosto,8.88,1.0,0.25,8.0,2017.0,1,8,2017-8-1
575,10.0,REJ,agosto,8.88,2.0,0.32,6.0,2017.0,1,8,2017-8-2
576,14.0,REJ,septiembre,8.88,1.0,0.46,13.0,2017.0,1,9,2017-9-1
577,11.0,REJ,septiembre,8.88,2.0,0.66,13.0,2017.0,1,9,2017-9-2
578,10.0,REJ,octubre,8.88,1.0,0.58,14.0,2017.0,1,10,2017-10-1
579,8.0,REJ,octubre,8.88,2.0,0.65,10.0,2017.0,1,10,2017-10-2
580,9.0,REJ,noviembre,8.88,1.0,6.5,14.0,2017.0,1,11,2017-11-1
581,17.0,REJ,noviembre,8.88,2.0,0.73,55.0,2017.0,1,11,2017-11-2
582,9.0,REJ,diciembre,8.88,1.0,0.6,9.0,2017.0,1,12,2017-12-1
583,11.0,REJ,diciembre,8.88,2.0,0.48,14.0,2017.0,1,12,2017-12-2
584,13.0,REJ,enero,8.88,1.0,0.56,6.0,2018.0,1,1,2018-1-1
585,9.0,REJ,enero,8.88,2.0,0.42,14.0,2018.0,1,1,2018-1-2
586,21.0,REJ,febrero,8.88,1.0,1.4,19.0,2018.0,1,2,2018-2-1
587,38.0,REJ,febrero,8.88,2.0,0.94,15.0,2018.0,1,2,2018-2-2
588,10.0,REJ,marzo,8.88,1.0,0.58,11.0,2018.0,1,3,2018-3-1
589,7.0,REJ,marzo,8.88,2.0,0.51,9.2,2018.0,1,3,2018-3-2
590,9.0,REJ,abril,8.88,1.0,0.56,11.0,2018.0,1,4,2018-4-1
591,7.0,REJ,abril,8.88,2.0,0.85,11.0,2018.0,1,4,2018-4-2
592,7.0,REJ,mayo,8.88,1.0,0.37,10.0,2018.0,1,5,2018-5-1
593,9.0,REJ,mayo,8.88,2.0,0.55,8.0,2018.0,1,5,2018-5-2
594,16.0,REJ,junio,8.88,1.0,0.65,15.0,2018.0,1,6,2018-6-1
595,9.0,REJ,junio,8.88,2.0,0.65,8.0,2018.0,1,6,2018-6-2
596,7.0,REJ,julio,8.88,1.0,0.73,14.0,2018.0,1,7,2018-7-1
597,2.0,REJ,julio,8.88,2.0,0.73,12.0,2018.0,1,7,2018-7-2
598,14.0,REJ,agosto,8.88,1.0,0.81,12.0,2018.0,1,8,2018-8-1
599,11.0,REJ,agosto,8.88,2.0,0.84,6.4,2018.0,1,8,2018-8-2
600,8.0,REJ,septiembre,8.88,1.0,0.53,7.2,2018.0,1,9,2018-9-1
601,13.0,REJ,septiembre,8.88,2.0,0.63,10.0,2018.0,1,9,2018-9-2
602,12.0,REJ,octubre,8.88,1.0,0.88,16.0,2018.0,1,10,2018-10-1
603,9.0,REJ,octubre,8.88,2.0,0.75,11.0,2018.0,1,10,2018-10-2
604,15.4,REJ,noviembre,8.88,1.0,0.65,13.0,2018.0,1,11,2018-11-1
605,11.9,REJ,noviembre,8.88,2.0,0.57,13.6,2018.0,1,11,2018-11-2
606,14.0,REJ,diciembre,8.88,1.0,0.6,17.5,2018.0,1,12,2018-12-1
607,9.0,REJ,diciembre,8.88,2.0,0.84,18.0,2018.0,1,12,2018-12-2
608,15.0,REJ,enero,8.88,1.0,0.85,30.0,2019.0,1,1,2019-1-1
609,15.0,REJ,enero,8.88,2.0,0.65,17.0,2019.0,1,1,2019-1-2
610,13.0,REJ,febrero,8.88,1.0,0.49,15.0,2019.0,1,2,2019-2-1
611,18.0,REJ,febrero,8.88,2.0,0.6,23.0,2019.0,1,2,2019-2-2
612,7.0,REJ,marzo,8.88,1.0,0.79,9.2,2019.0,1,3,2019-3-1
613,8.0,REJ,marzo,8.88,2.0,0.61,8.0,2019.0,1,3,2019-3-2
614,6.0,REJ,abril,8.88,1.0,0.57,10.0,2019.0,1,4,2019-4-1
615,7.0,REJ,abril,8.88,2.0,0.47,6.8,2019.0,1,4,2019-4-2
616,10.0,REJ,mayo,8.88,1.0,0.72,8.0,2019.0,1,5,2019-5-1
617,16.0,REJ,mayo,8.88,2.0,0.54,16.0,2019.0,1,5,2019-5-2
618,6.0,REJ,junio,8.88,1.0,0.74,21.0,2019.0,1,6,2019-6-1
619,12.0,REJ,junio,8.88,2.0,0.66,8.0,2019.0,1,6,2019-6-2
620,14.0,REJ,julio,8.88,1.0,0.74,14.0,2019.0,1,7,2019-7-1
621,5.0,REJ,julio,8.88,2.0,0.67,10.0,2019.0,1,7,2019-7-2
622,10.0,REJ,agosto,8.88,1.0,0.62,11.0,2019.0,1,8,2019-8-1
623,17.0,REJ,agosto,8.88,2.0,0.39,11.0,2019.0,1,8,2019-8-2
624,12.0,REJ,septiembre,8.88,1.0,0.44,10.0,2019.0,1,9,2019-9-1
625,11.0,REJ,septiembre,8.88,2.0,0.47,6.9,2019.0,1,9,2019-9-2
626,13.0,REJ,octubre,8.88,1.0,0.63,52.0,2019.0,1,10,2019-10-1
627,9.0,REJ,octubre,8.88,2.0,0.73,12.0,2019.0,1,10,2019-10-2
628,9.0,REJ,noviembre,8.88,1.0,0.79,15.0,2019.0,1,11,2019-11-1
629,14.0,REJ,noviembre,8.88,2.0,0.63,15.0,2019.0,1,11,2019-11-2
630,2.0,REJ,diciembre,8.88,1.0,0.785,9.1,2019.0,1,12,2019-12-1
631,13.0,REJ,diciembre,8.88,2.0,0.735,13.0,2019.0,1,12,2019-12-2
632,12.0,REJ,enero,8.88,1.0,0.9329999999999999,16.0,2020.0,1,1,2020-1-1
633,6.0,REJ,enero,8.88,2.0,0.7959999999999999,10.0,2020.0,1,1,2020-1-2
634,15.0,REJ,febrero,8.88,1.0,0.703,11.0,2020.0,1,2,2020-2-1
635,15.0,REJ,febrero,8.88,2.0,0.826,17.0,2020.0,1,2,2020-2-2
636,14.0,REJ,marzo,8.88,1.0,0.856,10.0,2020.0,1,3,2020-3-1
637,12.0,REJ,marzo,8.88,2.0,0.893,16.0,2020.0,1,3,2020-3-2
