,DBO5,SS,Cluster_2
0,5.0,5.0,0
1,5.0,4.0,0
2,5.0,3.0,0
3,5.0,3.0,0
4,5.0,4.0,0
5,5.0,5.0,0
6,6.0,4.0,0
7,5.0,13.0,0
8,5.0,3.0,0
9,5.0,3.0,0
10,5.0,2.0,0
11,3.5,7.0,0
12,5.0,4.0,0
13,5.0,2.0,0
14,5.0,2.0,0
15,5.0,2.0,0
16,5.0,2.0,0
17,6.0,2.0,0
18,5.0,2.0,0
19,5.0,2.0,0
20,5.0,2.0,0
21,5.0,2.0,0
22,5.0,3.0,0
23,5.0,2.0,0
24,5.0,3.0,0
25,5.0,5.0,0
26,5.0,3.0,0
27,5.0,3.0,0
28,5.0,1.0,0
29,6.0,3.0,0
30,5.0,4.0,0
31,11.0,2.0,0
32,12.0,3.0,0
33,5.0,3.0,0
34,5.0,3.0,0
35,5.0,3.0,0
36,6.0,4.0,0
37,5.0,1.0,0
38,5.0,2.0,0
39,5.0,1.0,0
40,6.0,1.0,0
41,5.0,2.0,0
42,5.0,2.0,0
43,5.0,2.0,0
44,5.0,2.0,0
45,6.0,4.0,0
46,5.0,4.0,0
47,5.0,4.0,0
48,5.0,6.0,0
49,5.0,6.0,0
50,5.0,3.0,0
51,5.0,2.0,0
52,5.0,3.0,0
53,5.0,1.0,0
54,5.0,3.0,0
55,8.0,3.0,0
56,5.0,1.0,0
57,5.0,3.0,0
58,5.0,3.0,0
59,6.0,2.0,0
60,5.0,1.0,0
61,5.0,3.0,0
62,5.0,2.0,0
63,5.0,3.0,0
64,5.0,3.0,0
65,5.0,3.0,0
66,5.0,3.0,0
67,5.0,2.0,0
68,5.0,7.0,0
69,8.0,4.0,0
70,4.5,2.0,0
71,4.3,3.0,0
72,5.0,3.0,0
73,6.0,4.0,0
74,5.0,3.0,0
75,5.0,7.0,0
76,5.0,4.0,0
77,5.0,3.0,0
78,5.0,3.0,0
79,5.0,2.0,0
80,5.0,5.0,2
81,5.0,5.0,2
82,5.0,3.0,2
83,8.0,3.0,2
84,6.0,3.0,2
85,6.0,4.0,2
86,5.0,5.0,2
87,5.0,4.0,0
88,5.0,7.0,0
89,5.0,2.0,0
90,5.0,3.0,0
91,5.0,3.0,0
92,5.0,2.0,0
93,5.0,2.0,0
94,5.0,2.0,0
95,5.0,2.0,0
96,5.0,4.0,0
97,5.0,5.0,0
98,5.0,4.0,0
99,5.0,2.0,0
100,5.0,1.0,0
101,5.0,2.0,0
102,5.0,1.0,0
103,5.0,2.0,0
104,5.0,1.0,0
105,5.0,1.0,0
106,5.0,2.0,0
107,5.0,4.0,0
108,5.0,1.0,0
109,5.0,1.0,0
110,5.0,1.0,0
111,5.0,2.0,0
112,5.0,2.0,0
113,5.0,2.0,0
114,5.0,2.0,0
115,5.0,2.0,0
116,5.0,1.0,0
117,6.0,1.0,0
118,12.0,2.0,0
119,5.0,2.0,0
120,5.0,1.0,0
121,5.0,7.0,0
122,9.5,2.0,0
123,4.1,3.0,0
124,8.3,2.0,0
125,8.0,5.4,0
126,2.0,12.0,0
127,2.0,3.0,0
128,2.0,2.0,0
129,3.0,4.4,0
130,2.0,2.0,0
131,2.0,2.0,0
132,3.0,2.0,0
133,2.0,2.0,0
134,2.0,2.0,0
135,4.0,2.0,0
136,3.0,2.0,0
137,10.0,2.0,0
138,6.0,2.0,0
139,7.0,2.0,0
140,5.0,5.7,0
141,2.0,2.8,0
142,6.0,4.4,0
143,7.0,2.0,0
144,3.0,2.2,0
145,2.0,2.0,0
146,2.0,2.0,0
147,2.0,22.0,1
148,3.0,4.6,0
149,2.0,2.4,0
150,2.0,2.0,0
151,2.0,2.4,0
152,3.0,2.0,0
153,2.0,2.4,0
154,2.0,2.0,0
155,2.0,2.0,0
156,5.0,7.0,0
157,2.0,6.0,0
158,3.0,8.0,0
159,2.0,4.0,0
160,3.0,10.0,0
161,4.0,8.0,0
162,7.0,15.0,1
163,3.0,5.0,0
164,3.0,3.0,0
165,2.0,6.0,0
166,5.0,7.0,0
167,9.0,5.0,0
168,8.0,2.0,0
169,6.0,4.0,0
170,6.0,2.0,0
171,4.0,2.0,0
172,8.0,5.0,0
173,2.0,3.0,0
174,6.0,4.0,0
175,3.0,4.0,0
176,2.0,7.0,0
177,2.0,6.0,0
178,3.0,3.0,0
179,2.0,10.0,0
180,2.0,12.0,0
181,3.0,13.0,0
182,8.0,9.0,0
183,3.0,7.2,0
184,3.0,5.2,0
185,2.0,5.2,0
186,3.0,3.2,0
187,3.0,2.8,0
188,5.0,6.4,0
189,3.0,5.6,0
190,11.0,6.4,0
191,3.0,5.6,0
192,2.0,3.6,0
193,6.0,3.2,0
194,7.0,3.0,0
195,6.0,2.0,0
196,3.0,2.0,0
197,6.0,3.4,0
198,7.0,2.9,0
199,3.0,3.2,0
200,10.2,2.6,0
201,3.8,3.4,0
202,8.7,3.2,0
203,5.0,5.2,0
204,2.0,12.0,0
205,5.0,5.0,0
206,2.0,2.6,0
207,4.0,4.0,0
208,2.0,2.0,0
209,2.0,7.8,0
210,3.0,2.0,0
211,3.0,2.0,0
212,3.0,4.0,0
213,7.0,2.4,0
214,4.0,2.8,0
215,5.0,2.0,0
216,8.0,2.4,0
217,7.0,2.0,0
218,9.0,5.3,0
219,2.0,2.2,0
220,11.0,2.8,0
221,5.0,3.0,0
222,4.0,4.0,0
223,2.0,2.4,0
224,3.0,7.7,0
225,2.0,2.0,0
226,10.0,3.4,0
227,1.8,1.7,0
228,5.0,10.0,0
229,5.0,11.0,0
230,4.0,6.4,0
231,4.0,5.0,0
232,4.0,9.2,0
233,2.0,5.8,0
234,18.0,9.0,1
235,5.0,12.0,0
236,8.0,12.0,0
237,8.0,13.0,0
238,18.0,14.0,1
239,10.0,9.0,0
240,11.0,14.0,1
241,5.0,5.0,0
242,8.0,9.0,0
243,8.0,8.0,0
244,9.0,10.0,0
245,6.0,7.0,0
246,7.0,9.0,0
247,10.0,3.0,0
248,7.0,9.0,0
249,5.0,7.0,0
250,7.0,8.0,0
251,6.0,12.0,0
252,11.0,5.0,0
253,7.0,6.0,0
254,7.0,8.0,0
255,8.0,12.0,0
256,5.0,8.0,0
257,10.0,8.0,0
258,14.0,12.0,1
259,14.0,14.0,1
260,9.0,11.0,0
261,12.0,11.0,0
262,5.0,4.0,0
263,8.0,11.0,0
264,9.0,5.0,0
265,5.0,5.0,0
266,8.0,9.0,0
267,8.0,7.0,0
268,10.0,12.0,1
269,8.0,7.0,0
270,8.0,9.0,0
271,7.0,9.0,0
272,12.0,9.0,0
273,11.0,9.0,0
274,5.0,8.0,0
275,9.0,14.0,1
276,5.0,16.0,1
277,20.0,11.0,1
278,17.0,15.0,1
279,5.0,35.0,3
280,7.0,14.0,1
281,11.0,24.0,1
282,6.0,12.0,0
283,11.0,13.0,1
284,7.0,18.0,1
285,5.0,15.0,1
286,8.0,17.0,1
287,12.0,17.0,1
288,10.0,17.0,1
289,7.0,11.0,0
290,6.0,13.0,0
291,7.0,15.0,1
292,11.0,18.0,1
293,5.0,14.0,1
294,12.0,9.0,0
295,9.0,11.0,1
296,9.0,11.0,1
297,30.0,14.0,1
298,15.0,10.0,1
299,6.0,9.0,0
300,5.0,9.0,0
301,8.0,12.0,1
302,21.0,13.0,1
303,13.0,15.0,1
304,4.8,10.0,0
305,10.0,14.0,1
306,12.0,15.0,1
307,9.0,13.0,1
308,5.0,17.0,1
309,8.0,14.0,1
310,5.0,5.0,0
311,7.0,15.0,1
312,5.0,7.0,0
313,10.0,9.0,1
314,8.0,11.0,1
315,5.0,15.0,1
316,10.0,14.0,1
317,8.0,13.0,1
318,8.5,13.0,1
319,10.0,22.0,1
320,20.0,14.0,1
321,8.0,10.0,1
322,9.0,12.0,1
323,4.5,5.5,0
324,8.0,10.0,1
325,5.0,9.0,0
326,11.0,14.0,1
327,5.0,14.0,1
328,6.0,16.0,1
329,5.0,15.0,1
330,12.0,19.0,1
331,5.0,9.0,0
332,16.0,12.0,1
333,5.0,12.0,0
334,12.0,13.0,1
335,6.0,15.0,1
336,6.0,11.0,0
337,5.0,8.0,0
338,8.0,14.0,1
339,17.0,10.0,1
340,5.0,9.0,0
341,5.0,11.0,0
342,12.0,12.0,1
343,5.0,15.0,1
344,5.0,9.0,0
345,7.0,11.0,0
346,7.0,11.0,0
347,7.0,11.0,0
348,7.0,10.0,0
349,5.0,8.0,0
350,15.0,13.0,1
351,8.0,12.0,1
352,5.0,15.0,1
353,11.0,11.0,1
354,30.0,11.0,1
355,11.0,9.0,1
356,5.0,9.0,0
357,5.0,18.0,1
358,8.0,14.0,1
359,7.0,11.0,0
360,6.0,12.0,0
361,5.0,9.0,0
362,5.0,12.0,0
363,5.0,10.0,0
364,9.0,12.0,1
365,8.0,8.0,0
366,10.0,17.0,1
367,6.0,9.0,0
368,6.0,10.0,0
369,7.0,22.0,1
370,5.0,13.0,0
371,9.0,11.0,1
372,7.0,6.0,0
373,7.0,8.0,0
374,5.0,11.0,0
375,5.0,10.0,0
376,14.0,13.0,1
377,12.0,15.0,1
378,5.0,11.0,0
379,11.0,16.0,1
380,7.0,19.0,1
381,11.0,13.0,1
382,4.7,17.0,1
383,11.0,16.0,1
384,12.0,12.0,1
385,5.0,18.0,1
386,8.0,11.0,1
387,5.0,11.0,0
388,5.0,21.0,1
389,11.0,12.0,1
390,6.0,13.0,0
391,2.0,16.0,0
392,3.0,12.0,0
393,3.0,7.0,0
394,7.0,10.0,0
395,6.0,10.0,0
396,6.0,11.0,0
397,5.0,8.0,0
398,5.0,8.0,0
399,6.0,9.0,0
400,6.0,9.0,0
401,3.0,6.0,0
402,7.0,12.0,0
403,3.0,7.0,0
404,4.0,7.0,0
405,4.0,4.0,0
406,5.0,6.0,0
407,3.0,5.0,0
408,3.0,5.0,0
409,2.0,5.0,0
410,5.0,5.0,0
411,4.0,6.0,0
412,3.0,10.0,0
413,7.0,16.0,1
414,9.0,32.0,3
415,6.0,7.0,0
416,3.0,8.0,0
417,6.0,29.0,3
418,2.0,16.0,0
419,5.0,10.0,0
420,3.0,8.4,0
421,9.0,18.0,1
422,8.0,9.2,0
423,3.0,8.0,0
424,4.0,8.1,0
425,3.0,8.0,0
426,6.0,15.0,1
427,8.0,4.8,0
428,4.0,4.0,0
429,5.0,4.8,0
430,4.0,2.8,0
431,6.0,8.0,0
432,2.0,4.0,0
433,3.0,6.4,0
434,11.0,7.5,0
435,8.9,10.2,0
436,9.8,5.0,0
437,4.0,6.6,0
438,3.0,7.6,0
439,2.0,11.0,0
440,2.0,4.8,0
441,5.0,14.0,0
442,2.0,8.4,0
443,2.0,7.4,0
444,2.0,4.4,0
445,2.0,5.8,0
446,4.0,3.6,0
447,5.0,2.2,0
448,5.0,2.0,0
449,6.0,4.5,0
450,7.0,5.0,0
451,5.0,5.6,0
452,8.0,7.2,0
453,6.0,2.2,0
454,10.0,5.6,0
455,5.0,4.2,0
456,5.0,23.0,1
457,3.0,7.2,0
458,3.0,3.4,0
459,2.0,2.4,0
460,8.0,15.0,1
461,2.0,3.2,0
462,5.0,12.0,0
463,3.0,16.0,0
464,5.0,4.6,0
465,2.0,4.6,0
466,3.0,9.5,0
467,2.0,10.0,0
468,13.0,16.0,1
469,15.0,17.0,1
470,13.0,20.0,1
471,17.0,16.0,1
472,20.0,21.0,1
473,13.0,11.0,1
474,12.0,18.0,1
475,10.0,13.0,1
476,14.0,19.0,1
477,13.0,14.0,1
478,12.0,13.0,1
479,11.0,13.0,1
480,19.0,39.0,3
481,7.0,8.0,0
482,8.0,6.0,0
483,10.0,8.0,0
484,15.0,13.0,1
485,18.0,9.0,1
486,13.0,16.0,1
487,7.0,6.0,0
488,16.0,15.0,1
489,16.0,12.0,1
490,12.0,10.0,1
491,10.0,9.0,0
492,11.0,12.0,1
493,8.0,14.0,1
494,10.0,9.0,0
495,15.0,27.0,3
496,29.0,26.0,1
497,35.0,31.0,1
498,12.0,13.0,1
499,5.0,11.0,0
500,10.0,9.5,0
501,8.0,8.4,0
502,6.0,7.0,0
503,8.0,8.4,0
504,11.0,8.4,0
505,10.0,6.0,0
506,10.0,11.0,0
507,12.0,8.0,0
508,9.0,14.0,1
509,13.0,16.0,1
510,6.0,8.4,0
511,5.0,6.5,0
512,16.3,22.0,1
513,13.2,11.2,1
514,10.1,11.6,0
515,10.0,9.2,0
516,15.0,15.0,1
517,12.0,16.0,1
518,9.0,14.0,1
519,16.0,7.6,1
520,13.0,11.0,1
521,9.0,7.0,0
522,11.0,8.5,0
523,9.0,7.6,0
524,13.0,9.1,1
525,9.0,9.6,0
526,12.0,12.0,1
527,12.0,7.0,0
528,15.0,5.0,0
529,7.0,10.0,0
530,9.0,18.0,1
531,9.0,4.0,0
532,13.0,5.1,0
533,9.0,5.0,0
534,12.0,46.0,3
535,11.0,9.3,0
536,16.0,14.0,1
537,15.0,14.0,1
538,11.0,8.6,0
539,14.0,10.0,1
540,14.0,14.0,1
541,18.0,18.0,1
542,15.0,13.0,1
543,15.0,15.0,1
544,23.0,24.0,1
545,14.0,12.0,1
546,17.0,20.0,1
547,16.0,18.0,1
548,10.0,14.0,1
549,13.0,17.0,1
550,8.0,14.0,1
551,4.0,8.0,0
552,11.0,17.0,1
553,13.0,15.0,1
554,9.0,16.0,1
555,7.0,11.0,0
556,18.0,17.0,1
557,12.0,14.0,1
558,9.0,6.0,0
559,7.0,5.0,0
560,6.0,8.0,0
561,10.0,6.0,0
562,14.0,13.0,1
563,11.0,13.0,1
564,10.0,14.0,1
565,8.0,10.0,0
566,9.0,14.0,1
567,17.0,55.0,3
568,9.0,9.0,0
569,11.0,14.0,1
570,13.0,6.0,0
571,9.0,14.0,1
572,21.0,19.0,1
573,38.0,15.0,1
574,10.0,11.0,0
575,7.0,9.2,0
576,9.0,11.0,0
577,7.0,11.0,0
578,7.0,10.0,0
579,9.0,8.0,0
580,16.0,15.0,1
581,9.0,8.0,0
582,7.0,14.0,1
583,2.0,12.0,0
584,14.0,12.0,1
585,11.0,6.4,0
586,8.0,7.2,0
587,13.0,10.0,1
588,12.0,16.0,1
589,9.0,11.0,0
590,15.4,13.0,1
591,11.9,13.6,1
592,14.0,17.5,1
593,9.0,18.0,1
594,15.0,30.0,3
595,15.0,17.0,1
596,13.0,15.0,1
597,18.0,23.0,1
598,7.0,9.2,0
599,8.0,8.0,0
600,6.0,10.0,0
601,7.0,6.8,0
602,10.0,8.0,0
603,16.0,16.0,1
604,6.0,21.0,1
605,12.0,8.0,0
606,14.0,14.0,1
607,5.0,10.0,0
608,10.0,11.0,0
609,17.0,11.0,1
610,12.0,10.0,1
611,11.0,6.9,0
612,13.0,52.0,3
613,9.0,12.0,0
614,9.0,15.0,1
615,14.0,15.0,1
616,2.0,9.1,0
617,13.0,13.0,1
618,12.0,16.0,1
619,6.0,10.0,0
620,15.0,11.0,1
621,15.0,17.0,1
622,14.0,10.0,1
623,12.0,16.0,1
