,DBO5,NT,PT,SS,DEPURADORA_2,KMeans_Cluster
0,5.0,15.8,0.91,5.0,0,1
1,5.0,14.9,0.84,4.0,0,1
2,5.0,9.8,0.63,3.0,0,1
3,5.0,7.0,0.67,3.0,0,1
4,5.0,9.7,0.85,4.0,0,1
5,5.0,9.3,0.75,5.0,0,1
6,6.0,10.5,0.75,4.0,0,1
7,5.0,10.2,0.71,13.0,0,3
8,5.0,4.9,0.57,3.0,0,1
9,5.0,7.7,0.69,3.0,0,1
10,5.0,9.4,0.91,2.0,0,1
11,3.5,6.1,13.0,7.0,0,1
12,5.0,14.0,0.72,4.0,0,1
13,5.0,10.2,0.7,2.0,0,1
14,5.0,7.8,0.55,2.0,0,1
15,5.0,9.4,0.6,2.0,0,1
16,5.0,13.8,0.77,2.0,0,1
17,6.0,11.1,0.53,2.0,0,1
18,5.0,9.6,0.51,2.0,0,1
19,5.0,6.8,0.51,2.0,0,1
20,5.0,7.5,0.53,2.0,0,1
21,5.0,8.2,0.41,2.0,0,1
22,5.0,7.6,0.33,3.0,0,1
23,5.0,7.0,0.45,2.0,0,1
24,5.0,9.0,0.43,3.0,0,1
25,5.0,7.9,0.7,5.0,0,1
26,5.0,9.3,0.47,3.0,0,1
27,5.0,7.4,0.56,3.0,0,1
28,5.0,12.3,0.53,1.0,0,1
29,6.0,8.6,0.39,3.0,0,1
30,5.0,10.0,0.39,4.0,0,1
31,11.0,11.1,0.35,2.0,0,1
32,12.0,10.1,0.6,3.0,0,1
33,5.0,9.2,0.68,3.0,0,1
34,5.0,7.5,0.53,3.0,0,1
35,5.0,9.1,0.67,3.0,0,1
36,6.0,7.0,0.73,4.0,0,1
37,5.0,9.1,0.64,1.0,0,1
38,5.0,9.0,0.62,2.0,0,1
39,5.0,12.8,0.66,1.0,0,1
40,6.0,11.1,0.64,1.0,0,1
41,5.0,12.6,0.64,2.0,0,1
42,5.0,17.0,0.5,2.0,0,1
43,5.0,18.3,0.58,2.0,0,1
44,5.0,10.6,0.44,2.0,0,1
45,6.0,14.3,0.62,4.0,0,1
46,5.0,17.0,0.56,4.0,0,1
47,5.0,14.5,0.67,4.0,0,1
48,5.0,12.4,1.0,6.0,0,1
49,5.0,18.4,1.02,6.0,0,3
50,5.0,9.1,0.52,3.0,0,1
51,5.0,6.7,0.55,2.0,0,1
52,5.0,8.5,0.49,3.0,0,1
53,5.0,9.7,0.46,1.0,0,1
54,5.0,9.4,0.49,3.0,0,1
55,8.0,8.8,0.46,3.0,0,1
56,5.0,9.3,0.37,1.0,0,1
57,5.0,10.1,0.59,3.0,0,1
58,5.0,9.4,0.64,3.0,0,1
59,6.0,8.7,0.58,2.0,0,1
60,5.0,11.1,0.56,1.0,0,1
61,5.0,8.1,0.42,3.0,0,1
62,5.0,9.6,0.61,2.0,0,1
63,5.0,8.5,0.59,3.0,0,1
64,5.0,9.8,0.44,3.0,0,1
65,5.0,8.2,0.57,3.0,0,1
66,5.0,12.6,0.62,3.0,0,1
67,5.0,7.1,0.49,2.0,0,1
68,5.0,12.5,0.5,7.0,0,1
69,8.0,10.9,0.74,4.0,0,1
70,4.5,4.4,0.53,2.0,0,1
71,4.3,7.4,0.68,3.0,0,1
72,5.0,6.3,0.6,3.0,0,1
73,6.0,8.7,0.6,4.0,0,1
74,5.0,8.1,0.69,3.0,0,1
75,5.0,8.4,0.75,7.0,0,1
76,5.0,9.7,0.66,4.0,0,1
77,5.0,9.1,0.67,3.0,0,1
78,5.0,22.68181818181818,0.25,3.0,3,1
79,5.0,27.20909090909091,0.52,2.0,3,2
80,5.0,31.736363636363635,0.53,5.0,3,2
81,5.0,36.263636363636365,0.58,5.0,3,2
82,5.0,40.790909090909096,0.71,3.0,3,2
83,8.0,45.31818181818182,0.61,3.0,3,2
84,6.0,49.84545454545455,0.49,3.0,3,2
85,6.0,54.37272727272728,0.3,4.0,3,2
86,5.0,58.9,0.54,5.0,3,2
87,5.0,13.8,0.6,4.0,3,1
88,5.0,8.9,0.18,7.0,3,1
89,5.0,6.3,0.14,2.0,3,1
90,5.0,9.0,0.48,3.0,3,1
91,5.0,8.6,0.27,3.0,3,1
92,5.0,9.7,0.7,2.0,3,1
93,5.0,9.7,0.52,2.0,3,1
94,5.0,8.8,0.66,2.0,3,1
95,5.0,11.5,0.64,2.0,3,1
96,5.0,11.0,0.58,4.0,3,1
97,5.0,11.1,0.27,5.0,3,1
98,5.0,8.7,0.77,4.0,3,1
99,5.0,11.1,0.42,2.0,3,1
100,5.0,9.5,0.44,1.0,3,1
101,5.0,11.7,0.48,2.0,3,1
102,5.0,10.2,0.44,1.0,3,1
103,5.0,14.7,0.59,2.0,3,1
104,5.0,11.4,0.35,1.0,3,1
105,5.0,8.4,0.65,1.0,3,1
106,5.0,4.2,0.42,2.0,3,1
107,5.0,6.6,0.43,4.0,3,1
108,5.0,6.5,0.62,1.0,3,1
109,5.0,6.0,0.51,1.0,3,1
110,5.0,11.4,0.73,1.0,3,1
111,5.0,11.0,0.61,2.0,3,1
112,5.0,9.4,0.51,2.0,3,1
113,5.0,9.1,0.75,2.0,3,1
114,5.0,9.9,0.55,2.0,3,1
115,5.0,9.1,0.61,2.0,3,1
116,5.0,7.6,0.55,1.0,3,1
117,6.0,12.2,0.68,1.0,3,1
118,12.0,10.3,0.46,2.0,3,1
119,5.0,10.2,0.22,2.0,3,1
120,5.0,13.7,0.2,1.0,3,1
121,5.0,10.9,0.32,7.0,3,1
122,9.5,11.4,0.4,2.0,3,1
123,4.1,9.4,0.52,3.0,3,1
124,8.3,8.9,0.24,2.0,3,1
125,8.0,9.65,0.58,5.4,3,1
126,2.0,20.9,0.75,12.0,3,3
127,2.0,11.8,0.75,3.0,3,1
128,2.0,12.3,0.74,2.0,3,1
129,3.0,14.7,0.68,4.4,3,1
130,2.0,12.0,0.55,2.0,3,1
131,2.0,16.7,0.74,2.0,3,1
132,3.0,18.6,0.57,2.0,3,1
133,2.0,11.9,0.68,2.0,3,1
134,2.0,8.12,0.58,2.0,3,1
135,4.0,5.86,0.65,2.0,3,1
136,3.0,9.08,0.44,2.0,3,1
137,10.0,7.54,0.55,2.0,3,1
138,6.0,8.7,0.38,2.0,3,1
139,7.0,9.2,0.44,2.0,3,1
140,5.0,6.88,0.21,5.7,3,1
141,2.0,10.6,0.67,2.8,3,1
142,6.0,7.74,0.63,4.4,3,1
143,7.0,9.68,0.6,2.0,3,1
144,3.0,12.6,0.69,2.2,3,1
145,2.0,12.1,0.66,2.0,3,1
146,2.0,9.9,0.4,2.0,3,1
147,2.0,11.0,0.68,22.0,3,3
148,3.0,12.1,0.626,4.6,3,1
149,2.0,13.4,0.643,2.4,3,1
150,2.0,9.02,0.637,2.0,3,1
151,2.0,10.7,0.7979999999999999,2.4,3,1
152,3.0,11.3,0.71,2.0,3,1
153,2.0,9.39,0.6559999999999999,2.4,3,1
154,2.0,11.4,0.703,2.0,3,1
155,2.0,15.3,0.857,2.0,3,1
156,5.0,9.75,0.72,7.0,2,1
157,2.0,8.69,0.59,6.0,2,1
158,3.0,9.91,0.7,8.0,2,1
159,2.0,5.84,0.79,4.0,2,1
160,3.0,9.63,0.88,10.0,2,3
161,4.0,9.32,0.87,8.0,2,1
162,7.0,8.45,1.27,15.0,2,3
163,3.0,6.9,0.85,5.0,2,1
164,3.0,9.38,0.98,3.0,2,1
165,2.0,9.69,0.96,6.0,2,1
166,5.0,8.07,1.02,7.0,2,1
167,9.0,5.88,0.75,5.0,2,1
168,8.0,7.13,0.69,2.0,2,1
169,6.0,6.04,0.59,4.0,2,1
170,6.0,9.92,0.71,2.0,2,1
171,4.0,6.48,0.41,2.0,2,1
172,8.0,5.68,0.47,5.0,2,1
173,2.0,8.07,0.4,3.0,2,1
174,6.0,6.89,0.56,4.0,2,1
175,3.0,7.87,0.72,4.0,2,1
176,2.0,6.73,0.91,7.0,2,1
177,2.0,10.0,0.59,6.0,2,1
178,3.0,8.74,0.52,3.0,2,1
179,2.0,15.2,1.11,10.0,2,3
180,2.0,9.82,0.77,12.0,2,3
181,3.0,9.42,0.51,13.0,2,3
182,8.0,10.0,0.59,9.0,2,3
183,3.0,12.4,0.41,7.2,2,1
184,3.0,9.65,0.39,5.2,2,1
185,2.0,9.18,0.34,5.2,2,1
186,3.0,1.3,0.4,3.2,2,1
187,3.0,7.5,0.36,2.8,2,1
188,5.0,8.61,0.79,6.4,2,1
189,3.0,10.9,0.67,5.6,2,1
190,11.0,7.77,0.37,6.4,2,1
191,3.0,9.42,0.43,5.6,2,1
192,2.0,11.5,0.48,3.6,2,1
193,6.0,9.42,0.4,3.2,2,1
194,7.0,9.66,0.41,3.0,2,1
195,6.0,6.73,0.59,2.0,2,1
196,3.0,9.78,0.5,2.0,2,1
197,6.0,9.35,0.6,3.4,2,1
198,7.0,8.64,0.34,2.9,2,1
199,3.0,9.34,0.49,3.2,2,1
200,10.2,10.9,0.36,2.6,2,1
201,3.8,9.3,0.36,3.4,2,1
202,8.7,9.3,0.5,3.2,2,1
203,5.0,9.42,0.73,5.2,2,1
204,2.0,11.1,0.51,12.0,2,3
205,5.0,8.03,0.48,5.0,2,1
206,2.0,8.63,0.26,2.6,2,1
207,4.0,11.1,0.49,4.0,2,1
208,2.0,9.11,0.31,2.0,2,1
209,2.0,8.77,0.43,7.8,2,1
210,3.0,6.65,0.38,2.0,2,1
211,3.0,8.66,0.61,2.0,2,1
212,3.0,8.75,0.51,4.0,2,1
213,7.0,5.6,0.35,2.4,2,1
214,4.0,6.25,0.58,2.8,2,1
215,5.0,5.87,0.53,2.0,2,1
216,8.0,6.63,0.63,2.4,2,1
217,7.0,5.74,0.75,2.0,2,1
218,9.0,7.68,0.73,5.3,2,1
219,2.0,7.05,0.7,2.2,2,1
220,11.0,7.92,0.54,2.8,2,1
221,5.0,7.51,0.77,3.0,2,1
222,4.0,8.76,0.64,4.0,2,1
223,2.0,7.42,0.5,2.4,2,1
224,3.0,9.06,0.49,7.7,2,1
225,2.0,8.82,0.56,2.0,2,1
226,10.0,6.01,0.556,3.4,2,1
227,1.8,8.97,0.264,1.7,2,1
228,5.0,9.66,0.605,10.0,2,3
229,5.0,8.61,0.611,11.0,2,3
230,4.0,7.87,0.765,6.4,2,1
231,4.0,7.71,0.747,5.0,2,1
232,4.0,9.66,0.752,9.2,2,3
233,2.0,9.7,0.6729999999999999,5.8,2,1
234,18.0,9.830674846625769,1.2,9.0,2,0
235,5.0,9.874233128834355,0.41,12.0,2,3
236,8.0,9.917791411042943,0.28,12.0,2,3
237,8.0,9.961349693251533,0.41,13.0,2,3
238,18.0,10.004907975460123,0.63,14.0,2,0
239,10.0,10.04846625766871,0.36,9.0,2,3
240,11.0,10.0920245398773,0.46,14.0,2,0
241,5.0,10.135582822085887,0.36,5.0,2,1
242,8.0,10.179141104294477,0.39,9.0,2,3
243,8.0,10.222699386503066,0.54,8.0,2,3
244,9.0,10.266257668711656,0.58,10.0,2,3
245,6.0,10.309815950920244,0.8,7.0,2,1
246,7.0,10.353374233128834,0.42,9.0,2,3
247,10.0,10.396932515337422,0.3,3.0,2,1
248,7.0,10.440490797546012,0.3,9.0,2,3
249,5.0,10.4840490797546,0.34,7.0,2,1
250,7.0,10.52760736196319,0.44,8.0,2,3
251,6.0,10.571165644171776,0.61,12.0,2,3
252,11.0,10.614723926380368,0.44,5.0,2,1
253,7.0,10.658282208588957,0.24,6.0,2,1
254,7.0,10.701840490797547,0.44,8.0,2,3
255,8.0,10.745398773006132,0.37,12.0,2,3
256,5.0,10.788957055214725,0.31,8.0,2,3
257,10.0,10.832515337423313,0.36,8.0,2,3
258,14.0,10.876073619631901,0.53,12.0,2,0
259,14.0,10.919631901840491,0.59,14.0,2,0
260,9.0,10.963190184049079,0.21,11.0,2,3
261,12.0,11.006748466257667,0.52,11.0,2,0
262,5.0,11.050306748466255,0.25,4.0,2,1
263,8.0,11.093865030674849,0.4,11.0,2,3
264,9.0,11.137423312883437,0.27,5.0,2,1
265,5.0,11.180981595092023,0.2,5.0,2,1
266,8.0,11.224539877300613,0.45,9.0,2,3
267,8.0,11.268098159509204,0.61,7.0,2,3
268,10.0,11.311656441717789,0.34,12.0,2,3
269,8.0,11.35521472392638,0.75,7.0,2,3
270,8.0,11.398773006134968,0.53,9.0,2,3
271,7.0,11.442331288343556,0.54,9.0,2,3
272,12.0,11.485889570552144,0.46,9.0,2,3
273,11.0,11.529447852760734,0.59,9.0,2,3
274,5.0,11.573006134969326,0.4,8.0,2,3
275,9.0,11.616564417177914,0.45,14.0,2,3
276,5.0,11.660122699386502,0.47,16.0,2,3
277,20.0,11.703680981595092,0.35,11.0,2,0
278,17.0,11.747239263803682,0.81,15.0,2,0
279,5.0,11.79079754601227,0.22,35.0,2,4
280,7.0,11.83435582822086,0.46,14.0,2,3
281,11.0,11.877914110429447,0.42,24.0,2,0
282,6.0,11.921472392638035,0.79,12.0,2,3
283,11.0,11.965030674846625,0.6,13.0,2,0
284,7.0,12.008588957055213,0.26,18.0,2,3
285,5.0,12.052147239263803,0.57,15.0,2,3
286,8.0,12.095705521472391,0.65,17.0,2,3
287,12.0,12.139263803680981,0.61,17.0,2,0
288,10.0,12.182822085889569,0.66,17.0,2,0
289,7.0,12.22638036809816,0.45,11.0,2,3
290,6.0,12.269938650306747,0.75,13.0,2,3
291,7.0,12.313496932515335,0.49,15.0,2,3
292,11.0,12.357055214723928,0.56,18.0,2,0
293,5.0,12.400613496932516,0.68,14.0,2,3
294,12.0,12.444171779141106,0.49,9.0,2,3
295,9.0,12.487730061349692,0.53,11.0,2,3
296,9.0,12.531288343558282,0.45,11.0,2,3
297,30.0,12.574846625766869,0.61,14.0,2,0
298,15.0,12.618404907975462,0.45,10.0,2,0
299,6.0,12.661963190184046,0.41,9.0,2,3
300,5.0,12.705521472392638,0.62,9.0,2,3
301,8.0,12.749079754601224,0.51,12.0,2,3
302,21.0,12.792638036809814,0.8,13.0,2,0
303,13.0,12.836196319018404,0.6,15.0,2,0
304,4.8,12.879754601226995,0.45,10.0,2,3
305,10.0,12.923312883435583,0.45,14.0,2,3
306,12.0,12.966871165644172,0.65,15.0,2,0
307,9.0,13.01042944785276,0.6,13.0,2,3
308,5.0,13.05398773006135,0.67,17.0,2,3
309,8.0,13.097546012269936,0.68,14.0,2,3
310,5.0,13.141104294478529,0.59,5.0,2,1
311,7.0,13.184662576687113,0.36,15.0,2,3
312,5.0,13.315337423312887,0.57,7.0,1,3
313,10.0,13.358895705521471,0.47,9.0,1,3
314,8.0,13.402453987730059,0.57,11.0,1,3
315,5.0,13.44601226993865,0.53,15.0,1,3
316,10.0,13.48957055214724,0.77,14.0,1,3
317,8.0,13.533128834355828,0.61,13.0,1,3
318,8.5,13.576687116564415,0.61,13.0,1,3
319,10.0,13.620245398773005,1.09,22.0,1,0
320,20.0,13.663803680981596,0.83,14.0,1,0
321,8.0,13.707361963190186,0.54,10.0,1,3
322,9.0,13.750920245398776,0.65,12.0,1,3
323,4.5,13.794478527607362,0.83,5.5,1,1
324,8.0,13.83803680981595,0.54,10.0,1,3
325,5.0,13.881595092024538,0.35,9.0,1,3
326,11.0,13.925153374233131,0.46,14.0,1,0
327,5.0,13.968711656441718,0.69,14.0,1,3
328,6.0,14.012269938650306,0.89,16.0,1,3
329,5.0,14.055828220858894,0.33,15.0,1,3
330,12.0,14.099386503067484,0.71,19.0,1,0
331,5.0,14.142944785276072,0.42,9.0,1,3
332,16.0,14.18650306748466,0.48,12.0,1,0
333,5.0,14.230061349693253,0.26,12.0,1,3
334,12.0,14.27361963190184,0.27,13.0,1,0
335,6.0,14.31717791411043,0.56,15.0,1,3
336,6.0,14.360736196319015,0.27,11.0,1,3
337,5.0,14.404294478527609,0.42,8.0,1,3
338,8.0,14.447852760736197,0.15,14.0,1,3
339,17.0,14.491411042944785,0.34,10.0,1,0
340,5.0,14.534969325153373,0.28,9.0,1,3
341,5.0,14.578527607361965,0.42,11.0,1,3
342,12.0,14.622085889570553,0.53,12.0,1,0
343,5.0,14.66564417177914,0.75,15.0,1,3
344,5.0,14.709202453987727,0.41,9.0,1,3
345,7.0,14.752760736196318,0.64,11.0,1,3
346,7.0,14.796319018404908,0.73,11.0,1,3
347,7.0,14.839877300613498,0.52,11.0,1,3
348,7.0,14.883435582822086,0.38,10.0,1,3
349,5.0,14.926993865030674,0.25,8.0,1,3
350,15.0,14.970552147239266,0.91,13.0,1,0
351,8.0,15.014110429447856,0.59,12.0,1,3
352,5.0,15.057668711656444,0.45,15.0,1,3
353,11.0,15.10122699386503,0.38,11.0,1,3
354,30.0,15.14478527607362,0.33,11.0,1,0
355,11.0,15.188343558282211,0.4,9.0,1,3
356,5.0,15.231901840490796,0.23,9.0,1,3
357,5.0,15.275460122699384,1.01,18.0,1,3
358,8.0,15.319018404907975,0.68,14.0,1,3
359,7.0,15.362576687116563,0.39,11.0,1,3
360,6.0,15.406134969325151,0.8,12.0,1,3
361,5.0,15.44969325153374,0.67,9.0,1,3
362,5.0,15.493251533742333,0.47,12.0,1,3
363,5.0,15.536809815950921,0.38,10.0,1,3
364,9.0,15.580368098159509,0.55,12.0,1,3
365,8.0,15.623926380368097,0.36,8.0,1,3
366,10.0,15.667484662576687,0.45,17.0,1,3
367,6.0,15.711042944785275,0.38,9.0,1,3
368,6.0,15.754601226993866,0.45,10.0,1,3
369,7.0,15.798159509202454,0.31,22.0,1,3
370,5.0,15.841717791411044,0.41,13.0,1,3
371,9.0,15.885276073619632,0.56,11.0,1,3
372,7.0,15.928834355828224,0.35,6.0,1,3
373,7.0,15.972392638036812,0.3,8.0,1,3
374,5.0,16.0159509202454,0.74,11.0,1,3
375,5.0,16.059509202453988,0.67,10.0,1,3
376,14.0,16.103067484662578,0.54,13.0,1,0
377,12.0,16.146625766871168,0.78,15.0,1,0
378,5.0,16.190184049079758,0.71,11.0,1,3
379,11.0,16.233742331288344,1.0,16.0,1,0
380,7.0,16.277300613496937,1.08,19.0,1,3
381,11.0,16.32085889570552,0.58,13.0,1,3
382,4.7,16.36441717791411,0.71,17.0,1,3
383,11.0,16.4079754601227,0.67,16.0,1,0
384,12.0,16.45153374233129,0.82,12.0,1,3
385,5.0,16.49509202453988,0.63,18.0,1,3
386,8.0,16.538650306748465,0.59,11.0,1,3
387,5.0,16.582208588957055,0.51,11.0,1,3
388,5.0,16.625766871165645,0.43,21.0,1,3
389,11.0,16.66932515337423,0.43,12.0,1,3
390,6.0,16.8,0.68,13.0,1,3
391,2.0,11.1,0.62,16.0,1,3
392,3.0,7.86,0.55,12.0,1,3
393,3.0,9.8,0.57,7.0,1,1
394,7.0,11.3,0.63,10.0,1,3
395,6.0,11.7,0.79,10.0,1,3
396,6.0,16.0,0.76,11.0,1,3
397,5.0,17.7,0.76,8.0,1,3
398,5.0,12.0,0.61,8.0,1,3
399,6.0,11.3,0.61,9.0,1,3
400,6.0,12.3,0.73,9.0,1,3
401,3.0,10.8,0.86,6.0,1,1
402,7.0,8.8,0.97,12.0,1,3
403,3.0,11.7,0.69,7.0,1,1
404,4.0,14.6,0.63,7.0,1,3
405,4.0,9.34,0.57,4.0,1,1
406,5.0,11.0,0.65,6.0,1,1
407,3.0,6.61,0.57,5.0,1,1
408,3.0,6.61,0.57,5.0,1,1
409,2.0,4.13,0.25,5.0,1,1
410,5.0,9.85,0.53,5.0,1,1
411,4.0,14.6,0.55,6.0,1,1
412,3.0,7.9,0.41,10.0,1,3
413,7.0,10.8,0.43,16.0,1,3
414,9.0,16.7,1.02,32.0,1,4
415,6.0,11.9,0.3,7.0,1,1
416,3.0,12.8,0.46,8.0,1,3
417,6.0,12.9,0.71,29.0,1,4
418,2.0,6.46,0.4,16.0,1,3
419,5.0,8.33,0.54,10.0,1,3
420,3.0,7.28,0.54,8.4,1,1
421,9.0,6.58,0.68,18.0,1,0
422,8.0,7.8,0.45,9.2,1,3
423,3.0,6.94,0.63,8.0,1,1
424,4.0,9.63,0.41,8.1,1,1
425,3.0,7.58,0.38,8.0,1,1
426,6.0,6.96,0.48,15.0,1,3
427,8.0,7.58,0.46,4.8,1,1
428,4.0,9.65,0.42,4.0,1,1
429,5.0,8.86,0.68,4.8,1,1
430,4.0,9.94,0.35,2.8,1,1
431,6.0,9.15,0.61,8.0,1,1
432,2.0,7.0,0.36,4.0,1,1
433,3.0,7.34,0.31,6.4,1,1
434,11.0,9.6,0.33,7.5,1,3
435,8.9,7.5,0.41,10.2,1,3
436,9.8,9.0,0.28,5.0,1,1
437,4.0,7.58,0.61,6.6,1,1
438,3.0,7.17,0.24,7.6,1,1
439,2.0,7.53,0.48,11.0,1,3
440,2.0,8.68,1.88,4.8,1,1
441,5.0,9.91,0.52,14.0,1,3
442,2.0,7.27,0.23,8.4,1,1
443,2.0,8.12,0.32,7.4,1,1
444,2.0,5.65,0.22,4.4,1,1
445,2.0,7.48,0.37,5.8,1,1
446,4.0,7.45,0.22,3.6,1,1
447,5.0,6.12,0.17,2.2,1,1
448,5.0,6.19,0.21,2.0,1,1
449,6.0,6.99,0.6,4.5,1,1
450,7.0,6.78,0.25,5.0,1,1
451,5.0,8.69,0.39,5.6,1,1
452,8.0,6.2,0.44,7.2,1,1
453,6.0,8.2,0.39,2.2,1,1
454,10.0,8.14,0.57,5.6,1,1
455,5.0,8.94,0.54,4.2,1,1
456,5.0,7.91,0.35,23.0,1,3
457,3.0,9.22,0.49,7.2,1,1
458,3.0,8.59,0.25,3.4,1,1
459,2.0,8.87,0.39,2.4,1,1
460,8.0,6.65,0.617,15.0,1,3
461,2.0,8.66,0.379,3.2,1,1
462,5.0,8.95,0.203,12.0,1,3
463,3.0,5.84,0.459,16.0,1,3
464,5.0,9.57,0.482,4.6,1,1
465,2.0,8.66,0.213,4.6,1,1
466,3.0,19.3,0.54,9.5,1,3
467,2.0,8.88,0.617,10.0,1,3
468,13.0,8.88,0.85,16.0,1,0
469,15.0,8.88,0.62,17.0,1,0
470,13.0,8.88,0.6,20.0,1,0
471,17.0,8.88,0.56,16.0,1,0
472,20.0,8.88,0.99,21.0,1,0
473,13.0,8.88,0.59,11.0,1,0
474,12.0,8.88,0.81,18.0,1,0
475,10.0,8.88,0.93,13.0,1,3
476,14.0,8.88,0.75,19.0,1,0
477,13.0,8.88,0.72,14.0,1,0
478,12.0,8.88,0.82,13.0,1,0
479,11.0,8.88,0.69,13.0,1,0
480,19.0,8.88,1.04,39.0,1,4
481,7.0,8.88,0.64,8.0,1,3
482,8.0,8.88,0.53,6.0,1,1
483,10.0,8.88,0.63,8.0,1,3
484,15.0,8.88,0.78,13.0,1,0
485,18.0,8.88,0.53,9.0,1,0
486,13.0,8.88,1.31,16.0,1,0
487,7.0,8.88,0.43,6.0,1,1
488,16.0,8.88,0.7,15.0,1,0
489,16.0,8.88,0.53,12.0,1,0
490,12.0,8.88,0.71,10.0,1,0
491,10.0,8.88,0.51,9.0,1,3
492,11.0,8.88,0.42,12.0,1,0
493,8.0,8.88,0.65,14.0,1,3
494,10.0,8.88,0.64,9.0,1,3
495,15.0,8.88,0.98,27.0,1,4
496,29.0,8.88,0.52,26.0,1,4
497,35.0,8.88,1.41,31.0,1,4
498,12.0,8.88,0.63,13.0,1,0
499,5.0,8.88,0.7,11.0,1,3
500,10.0,8.88,0.51,9.5,1,3
501,8.0,8.88,0.41,8.4,1,3
502,6.0,8.88,0.75,7.0,1,1
503,8.0,8.88,0.54,8.4,1,3
504,11.0,8.88,0.57,8.4,1,3
505,10.0,8.88,0.59,6.0,1,1
506,10.0,8.88,0.84,11.0,1,3
507,12.0,8.88,0.63,8.0,1,3
508,9.0,8.88,1.3,14.0,1,3
509,13.0,8.88,1.01,16.0,1,0
510,6.0,8.88,0.53,8.4,1,3
511,5.0,8.88,0.52,6.5,1,1
512,16.3,8.88,1.55,22.0,1,0
513,13.2,8.88,0.56,11.2,1,0
514,10.1,8.88,0.95,11.6,1,3
515,10.0,8.88,0.52,9.2,1,3
516,15.0,8.88,0.95,15.0,1,0
517,12.0,8.88,0.61,16.0,1,0
518,9.0,8.88,0.66,14.0,1,3
519,16.0,8.88,0.4,7.6,1,0
520,13.0,8.88,0.47,11.0,1,0
521,9.0,8.88,0.59,7.0,1,1
522,11.0,8.88,0.72,8.5,1,3
523,9.0,8.88,1.03,7.6,1,3
524,13.0,8.88,0.61,9.1,1,0
525,9.0,8.88,0.46,9.6,1,3
526,12.0,8.88,0.8,12.0,1,0
527,12.0,8.88,0.53,7.0,1,3
528,15.0,8.88,0.68,5.0,1,0
529,7.0,8.88,0.56,10.0,1,3
530,9.0,8.88,0.45,18.0,1,0
531,9.0,8.88,0.6,4.0,1,1
532,13.0,8.88,0.63,5.1,1,1
533,9.0,8.88,0.42,5.0,1,1
534,12.0,8.88,0.66,46.0,1,4
535,11.0,8.88,0.53,9.3,1,3
536,16.0,8.88,0.67,14.0,1,0
537,15.0,8.88,0.63,14.0,1,0
538,11.0,8.88,0.299,8.6,1,3
539,14.0,8.88,0.645,10.0,1,0
540,14.0,8.88,0.653,14.0,1,0
541,18.0,8.88,0.853,18.0,1,0
542,15.0,8.88,0.502,13.0,1,0
543,15.0,8.88,0.779,15.0,1,0
544,23.0,8.88,1.36,24.0,1,0
545,14.0,8.88,0.6,12.0,1,0
546,17.0,8.88,0.78,20.0,1,0
547,16.0,8.88,0.98,18.0,1,0
548,10.0,8.88,0.57,14.0,1,0
549,13.0,8.88,0.6,17.0,1,0
550,8.0,8.88,0.63,14.0,1,3
551,4.0,8.88,0.5,8.0,1,1
552,11.0,8.88,0.63,17.0,1,0
553,13.0,8.88,0.77,15.0,1,0
554,9.0,8.88,0.62,16.0,1,0
555,7.0,8.88,0.44,11.0,1,3
556,18.0,8.88,0.86,17.0,1,0
557,12.0,8.88,0.66,14.0,1,0
558,9.0,8.88,0.36,6.0,1,1
559,7.0,8.88,0.5,5.0,1,1
560,6.0,8.88,0.25,8.0,1,1
561,10.0,8.88,0.32,6.0,1,1
562,14.0,8.88,0.46,13.0,1,0
563,11.0,8.88,0.66,13.0,1,0
564,10.0,8.88,0.58,14.0,1,0
565,8.0,8.88,0.65,10.0,1,3
566,9.0,8.88,6.5,14.0,1,3
567,17.0,8.88,0.73,55.0,1,4
568,9.0,8.88,0.6,9.0,1,3
569,11.0,8.88,0.48,14.0,1,0
570,13.0,8.88,0.56,6.0,1,1
571,9.0,8.88,0.42,14.0,1,3
572,21.0,8.88,1.4,19.0,1,0
573,38.0,8.88,0.94,15.0,1,0
574,10.0,8.88,0.58,11.0,1,3
575,7.0,8.88,0.51,9.2,1,3
576,9.0,8.88,0.56,11.0,1,3
577,7.0,8.88,0.85,11.0,1,3
578,7.0,8.88,0.37,10.0,1,3
579,9.0,8.88,0.55,8.0,1,3
580,16.0,8.88,0.65,15.0,1,0
581,9.0,8.88,0.65,8.0,1,3
582,7.0,8.88,0.73,14.0,1,3
583,2.0,8.88,0.73,12.0,1,3
584,14.0,8.88,0.81,12.0,1,0
585,11.0,8.88,0.84,6.4,1,1
586,8.0,8.88,0.53,7.2,1,1
587,13.0,8.88,0.63,10.0,1,0
588,12.0,8.88,0.88,16.0,1,0
589,9.0,8.88,0.75,11.0,1,3
590,15.4,8.88,0.65,13.0,1,0
591,11.9,8.88,0.57,13.6,1,0
592,14.0,8.88,0.6,17.5,1,0
593,9.0,8.88,0.84,18.0,1,0
594,15.0,8.88,0.85,30.0,1,4
595,15.0,8.88,0.65,17.0,1,0
596,13.0,8.88,0.49,15.0,1,0
597,18.0,8.88,0.6,23.0,1,0
598,7.0,8.88,0.79,9.2,1,3
599,8.0,8.88,0.61,8.0,1,3
600,6.0,8.88,0.57,10.0,1,3
601,7.0,8.88,0.47,6.8,1,1
602,10.0,8.88,0.72,8.0,1,3
603,16.0,8.88,0.54,16.0,1,0
604,6.0,8.88,0.74,21.0,1,3
605,12.0,8.88,0.66,8.0,1,3
606,14.0,8.88,0.74,14.0,1,0
607,5.0,8.88,0.67,10.0,1,3
608,10.0,8.88,0.62,11.0,1,3
609,17.0,8.88,0.39,11.0,1,0
610,12.0,8.88,0.44,10.0,1,0
611,11.0,8.88,0.47,6.9,1,3
612,13.0,8.88,0.63,52.0,1,4
613,9.0,8.88,0.73,12.0,1,3
614,9.0,8.88,0.79,15.0,1,3
615,14.0,8.88,0.63,15.0,1,0
616,2.0,8.88,0.785,9.1,1,1
617,13.0,8.88,0.735,13.0,1,0
618,12.0,8.88,0.933,16.0,1,0
619,6.0,8.88,0.7959999999999999,10.0,1,3
620,15.0,8.88,0.703,11.0,1,0
621,15.0,8.88,0.826,17.0,1,0
622,14.0,8.88,0.856,10.0,1,0
623,12.0,8.88,0.893,16.0,1,0
