,Cluster,Cluster_2,DBO5,NT,PT,SS,DEPURADORA_2,KMeans_Cluster,KMeans_Cluster_2
0,0,1,5.0,15.8,0.91,5.0,0,0,0
1,0,1,5.0,14.9,0.84,4.0,0,0,0
2,0,1,5.0,9.8,0.63,3.0,0,0,0
3,0,1,5.0,7.0,0.67,3.0,0,0,0
4,0,1,5.0,9.7,0.85,4.0,0,0,0
5,0,1,5.0,9.3,0.75,5.0,0,0,0
6,0,1,6.0,10.5,0.75,4.0,0,0,0
7,0,1,5.0,10.2,0.71,13.0,0,3,3
8,0,1,5.0,4.9,0.57,3.0,0,0,0
9,0,1,5.0,7.7,0.69,3.0,0,0,0
10,0,1,5.0,9.4,0.91,2.0,0,0,0
11,0,1,3.5,6.1,13.0,7.0,0,0,0
12,0,1,5.0,14.0,0.72,4.0,0,0,0
13,0,2,5.0,10.2,0.7,2.0,0,0,0
14,0,1,5.0,7.8,0.55,2.0,0,0,0
15,0,1,5.0,9.4,0.6,2.0,0,0,0
16,0,1,5.0,13.8,0.77,2.0,0,0,0
17,0,1,6.0,11.1,0.53,2.0,0,0,0
18,0,1,5.0,9.6,0.51,2.0,0,0,0
19,0,1,5.0,6.8,0.51,2.0,0,0,0
20,0,1,5.0,7.5,0.53,2.0,0,0,0
21,0,1,5.0,8.2,0.41,2.0,0,0,0
22,0,1,5.0,7.6,0.33,3.0,0,0,0
23,0,2,5.0,7.0,0.45,2.0,0,0,0
24,0,1,5.0,9.0,0.43,3.0,0,0,0
25,0,1,5.0,7.9,0.7,5.0,0,0,0
26,0,1,5.0,9.3,0.47,3.0,0,0,0
27,0,1,5.0,7.4,0.56,3.0,0,0,0
28,0,1,5.0,12.3,0.53,1.0,0,0,0
29,0,1,6.0,8.6,0.39,3.0,0,0,0
30,0,1,5.0,10.0,0.39,4.0,0,0,0
31,0,1,11.0,11.1,0.35,2.0,0,0,0
32,0,1,12.0,10.1,0.6,3.0,0,0,0
33,0,1,5.0,9.2,0.68,3.0,0,0,0
34,0,1,5.0,7.5,0.53,3.0,0,0,0
35,0,1,5.0,9.1,0.67,3.0,0,0,0
36,0,1,6.0,7.0,0.73,4.0,0,0,0
37,0,1,5.0,9.1,0.64,1.0,0,0,0
38,0,1,5.0,9.0,0.62,2.0,0,0,0
39,0,2,5.0,12.8,0.66,1.0,0,0,0
40,0,1,6.0,11.1,0.64,1.0,0,0,0
41,0,1,5.0,12.6,0.64,2.0,0,0,0
42,0,1,5.0,17.0,0.5,2.0,0,0,0
43,0,1,5.0,18.3,0.58,2.0,0,0,0
44,0,1,5.0,10.6,0.44,2.0,0,0,0
45,0,1,6.0,14.3,0.62,4.0,0,0,0
46,0,1,5.0,17.0,0.56,4.0,0,0,0
47,0,1,5.0,14.5,0.67,4.0,0,0,0
48,0,1,5.0,12.4,1.0,6.0,0,0,0
49,0,2,5.0,18.4,1.02,6.0,0,3,0
50,0,1,5.0,9.1,0.52,3.0,0,0,0
51,0,1,5.0,6.7,0.55,2.0,0,0,0
52,0,1,5.0,8.5,0.49,3.0,0,0,0
53,0,1,5.0,9.7,0.46,1.0,0,0,0
54,0,1,5.0,9.4,0.49,3.0,0,0,0
55,0,1,8.0,8.8,0.46,3.0,0,0,0
56,0,1,5.0,9.3,0.37,1.0,0,0,0
57,0,1,5.0,10.1,0.59,3.0,0,0,0
58,0,1,5.0,9.4,0.64,3.0,0,0,0
59,0,1,6.0,8.7,0.58,2.0,0,0,0
60,0,1,5.0,11.1,0.56,1.0,0,0,0
61,0,1,5.0,8.1,0.42,3.0,0,0,0
62,0,1,5.0,9.6,0.61,2.0,0,0,0
63,0,1,5.0,8.5,0.59,3.0,0,0,0
64,0,1,5.0,9.8,0.44,3.0,0,0,0
65,0,2,5.0,8.2,0.57,3.0,0,0,0
66,0,1,5.0,12.6,0.62,3.0,0,0,0
67,0,1,5.0,7.1,0.49,2.0,0,0,0
68,0,1,5.0,12.5,0.5,7.0,0,0,4
69,0,1,8.0,10.9,0.74,4.0,0,0,0
70,0,1,4.5,4.4,0.53,2.0,0,0,0
71,0,1,4.3,7.4,0.68,3.0,0,0,0
72,0,1,5.0,6.3,0.6,3.0,0,0,0
73,0,1,6.0,8.7,0.6,4.0,0,0,0
74,0,1,5.0,8.1,0.69,3.0,0,0,0
75,0,2,5.0,8.4,0.75,7.0,0,0,4
76,0,1,5.0,9.7,0.66,4.0,0,0,0
77,0,1,5.0,9.1,0.67,3.0,0,0,0
78,2,1,5.0,22.68181818181818,0.25,3.0,3,0,0
79,2,1,5.0,27.20909090909091,0.52,2.0,3,2,0
80,2,1,5.0,31.736363636363635,0.53,5.0,3,2,0
81,2,1,5.0,36.263636363636365,0.58,5.0,3,2,0
82,2,1,5.0,40.790909090909096,0.71,3.0,3,2,0
83,2,1,8.0,45.31818181818182,0.61,3.0,3,2,0
84,2,1,6.0,49.84545454545455,0.49,3.0,3,2,0
85,2,1,6.0,54.37272727272728,0.3,4.0,3,2,0
86,2,1,5.0,58.9,0.54,5.0,3,2,0
87,2,1,5.0,13.8,0.6,4.0,3,0,0
88,2,1,5.0,8.9,0.18,7.0,3,0,4
89,2,1,5.0,6.3,0.14,2.0,3,0,0
90,2,1,5.0,9.0,0.48,3.0,3,0,0
91,2,2,5.0,8.6,0.27,3.0,3,0,0
92,2,1,5.0,9.7,0.7,2.0,3,0,0
93,2,1,5.0,9.7,0.52,2.0,3,0,0
94,2,1,5.0,8.8,0.66,2.0,3,0,0
95,2,1,5.0,11.5,0.64,2.0,3,0,0
96,2,1,5.0,11.0,0.58,4.0,3,0,0
97,2,1,5.0,11.1,0.27,5.0,3,0,0
98,2,1,5.0,8.7,0.77,4.0,3,0,0
99,2,1,5.0,11.1,0.42,2.0,3,0,0
100,2,1,5.0,9.5,0.44,1.0,3,0,0
101,2,2,5.0,11.7,0.48,2.0,3,0,0
102,2,1,5.0,10.2,0.44,1.0,3,0,0
103,2,1,5.0,14.7,0.59,2.0,3,0,0
104,2,1,5.0,11.4,0.35,1.0,3,0,0
105,2,1,5.0,8.4,0.65,1.0,3,0,0
106,2,1,5.0,4.2,0.42,2.0,3,0,0
107,2,1,5.0,6.6,0.43,4.0,3,0,0
108,2,1,5.0,6.5,0.62,1.0,3,0,0
109,2,1,5.0,6.0,0.51,1.0,3,0,0
110,2,1,5.0,11.4,0.73,1.0,3,0,0
111,2,1,5.0,11.0,0.61,2.0,3,0,0
112,2,1,5.0,9.4,0.51,2.0,3,0,0
113,2,1,5.0,9.1,0.75,2.0,3,0,0
114,2,1,5.0,9.9,0.55,2.0,3,0,0
115,2,1,5.0,9.1,0.61,2.0,3,0,0
116,2,1,5.0,7.6,0.55,1.0,3,0,0
117,2,2,6.0,12.2,0.68,1.0,3,0,0
118,2,1,12.0,10.3,0.46,2.0,3,0,0
119,2,1,5.0,10.2,0.22,2.0,3,0,0
120,2,1,5.0,13.7,0.2,1.0,3,0,0
121,2,1,5.0,10.9,0.32,7.0,3,0,4
122,2,1,9.5,11.4,0.4,2.0,3,0,0
123,2,1,4.1,9.4,0.52,3.0,3,0,0
124,2,1,8.3,8.9,0.24,2.0,3,0,0
125,2,1,8.0,9.65,0.58,5.4,3,0,4
126,2,1,2.0,20.9,0.75,12.0,3,3,4
127,2,2,2.0,11.8,0.75,3.0,3,0,0
128,2,1,2.0,12.3,0.74,2.0,3,0,0
129,2,1,3.0,14.7,0.68,4.4,3,0,0
130,2,1,2.0,12.0,0.55,2.0,3,0,0
131,2,1,2.0,16.7,0.74,2.0,3,0,0
132,2,1,3.0,18.6,0.57,2.0,3,0,0
133,2,1,2.0,11.9,0.68,2.0,3,0,0
134,2,1,2.0,8.12,0.58,2.0,3,0,0
135,2,1,4.0,5.86,0.65,2.0,3,0,0
136,2,1,3.0,9.08,0.44,2.0,3,0,0
137,2,1,10.0,7.54,0.55,2.0,3,0,0
138,2,1,6.0,8.7,0.38,2.0,3,0,0
139,2,1,7.0,9.2,0.44,2.0,3,0,0
140,2,1,5.0,6.88,0.21,5.7,3,0,0
141,2,1,2.0,10.6,0.67,2.8,3,0,0
142,2,1,6.0,7.74,0.63,4.4,3,0,0
143,2,2,7.0,9.68,0.6,2.0,3,0,0
144,2,1,3.0,12.6,0.69,2.2,3,0,0
145,2,1,2.0,12.1,0.66,2.0,3,0,0
146,2,1,2.0,9.9,0.4,2.0,3,0,0
147,2,1,2.0,11.0,0.68,22.0,3,3,3
148,2,1,3.0,12.1,0.626,4.6,3,0,0
149,2,1,2.0,13.4,0.643,2.4,3,0,0
150,2,1,2.0,9.02,0.637,2.0,3,0,0
151,2,1,2.0,10.7,0.7979999999999999,2.4,3,0,0
152,2,1,3.0,11.3,0.71,2.0,3,0,0
153,2,2,2.0,9.39,0.6559999999999999,2.4,3,0,0
154,2,1,2.0,11.4,0.703,2.0,3,0,0
155,2,1,2.0,15.3,0.857,2.0,3,0,0
156,0,1,5.0,9.75,0.72,7.0,2,0,4
157,0,1,2.0,8.69,0.59,6.0,2,0,0
158,0,1,3.0,9.91,0.7,8.0,2,0,4
159,0,1,2.0,5.84,0.79,4.0,2,0,0
160,0,1,3.0,9.63,0.88,10.0,2,3,4
161,0,1,4.0,9.32,0.87,8.0,2,0,4
162,0,1,7.0,8.45,1.27,15.0,2,3,3
163,0,1,3.0,6.9,0.85,5.0,2,0,0
164,0,1,3.0,9.38,0.98,3.0,2,0,0
165,0,1,2.0,9.69,0.96,6.0,2,0,0
166,0,1,5.0,8.07,1.02,7.0,2,0,4
167,0,1,9.0,5.88,0.75,5.0,2,0,4
168,0,1,8.0,7.13,0.69,2.0,2,0,0
169,0,2,6.0,6.04,0.59,4.0,2,0,0
170,0,1,6.0,9.92,0.71,2.0,2,0,0
171,0,1,4.0,6.48,0.41,2.0,2,0,0
172,0,1,8.0,5.68,0.47,5.0,2,0,0
173,0,1,2.0,8.07,0.4,3.0,2,0,0
174,0,1,6.0,6.89,0.56,4.0,2,0,0
175,0,1,3.0,7.87,0.72,4.0,2,0,0
176,0,1,2.0,6.73,0.91,7.0,2,0,0
177,0,1,2.0,10.0,0.59,6.0,2,0,0
178,0,1,3.0,8.74,0.52,3.0,2,0,0
179,0,2,2.0,15.2,1.11,10.0,2,3,4
180,0,1,2.0,9.82,0.77,12.0,2,3,4
181,0,1,3.0,9.42,0.51,13.0,2,3,3
182,0,1,8.0,10.0,0.59,9.0,2,3,4
183,0,1,3.0,12.4,0.41,7.2,2,0,0
184,0,1,3.0,9.65,0.39,5.2,2,0,0
185,0,1,2.0,9.18,0.34,5.2,2,0,0
186,0,1,3.0,1.3,0.4,3.2,2,0,0
187,0,1,3.0,7.5,0.36,2.8,2,0,0
188,0,1,5.0,8.61,0.79,6.4,2,0,0
189,0,1,3.0,10.9,0.67,5.6,2,0,0
190,0,1,11.0,7.77,0.37,6.4,2,0,4
191,0,1,3.0,9.42,0.43,5.6,2,0,0
192,0,1,2.0,11.5,0.48,3.6,2,0,0
193,0,1,6.0,9.42,0.4,3.2,2,0,0
194,0,1,7.0,9.66,0.41,3.0,2,0,0
195,0,2,6.0,6.73,0.59,2.0,2,0,0
196,0,1,3.0,9.78,0.5,2.0,2,0,0
197,0,1,6.0,9.35,0.6,3.4,2,0,0
198,0,1,7.0,8.64,0.34,2.9,2,0,0
199,0,1,3.0,9.34,0.49,3.2,2,0,0
200,0,1,10.2,10.9,0.36,2.6,2,0,0
201,0,1,3.8,9.3,0.36,3.4,2,0,0
202,0,1,8.7,9.3,0.5,3.2,2,0,0
203,0,1,5.0,9.42,0.73,5.2,2,0,0
204,0,1,2.0,11.1,0.51,12.0,2,3,4
205,0,2,5.0,8.03,0.48,5.0,2,0,0
206,0,1,2.0,8.63,0.26,2.6,2,0,0
207,0,1,4.0,11.1,0.49,4.0,2,0,0
208,0,1,2.0,9.11,0.31,2.0,2,0,0
209,0,1,2.0,8.77,0.43,7.8,2,0,4
210,0,1,3.0,6.65,0.38,2.0,2,0,0
211,0,1,3.0,8.66,0.61,2.0,2,0,0
212,0,1,3.0,8.75,0.51,4.0,2,0,0
213,0,1,7.0,5.6,0.35,2.4,2,0,0
214,0,1,4.0,6.25,0.58,2.8,2,0,0
215,0,1,5.0,5.87,0.53,2.0,2,0,0
216,0,1,8.0,6.63,0.63,2.4,2,0,0
217,0,1,7.0,5.74,0.75,2.0,2,0,0
218,0,1,9.0,7.68,0.73,5.3,2,0,4
219,0,1,2.0,7.05,0.7,2.2,2,0,0
220,0,1,11.0,7.92,0.54,2.8,2,0,0
221,0,2,5.0,7.51,0.77,3.0,2,0,0
222,0,1,4.0,8.76,0.64,4.0,2,0,0
223,0,1,2.0,7.42,0.5,2.4,2,0,0
224,0,1,3.0,9.06,0.49,7.7,2,0,4
225,0,1,2.0,8.82,0.56,2.0,2,0,0
226,0,1,10.0,6.01,0.556,3.4,2,0,0
227,0,1,1.8,8.97,0.264,1.7,2,0,0
228,0,1,5.0,9.66,0.605,10.0,2,3,4
229,0,1,5.0,8.61,0.611,11.0,2,3,4
230,0,1,4.0,7.87,0.765,6.4,2,0,0
231,0,2,4.0,7.71,0.747,5.0,2,0,0
232,0,1,4.0,9.66,0.752,9.2,2,3,4
233,0,1,2.0,9.7,0.6729999999999999,5.8,2,0,0
234,0,1,18.0,9.830674846625769,1.2,9.0,2,4,1
235,0,1,5.0,9.874233128834355,0.41,12.0,2,3,4
236,0,1,8.0,9.917791411042943,0.28,12.0,2,3,4
237,0,1,8.0,9.961349693251533,0.41,13.0,2,3,3
238,0,1,18.0,10.004907975460123,0.63,14.0,2,4,1
239,0,1,10.0,10.04846625766871,0.36,9.0,2,3,4
240,0,1,11.0,10.0920245398773,0.46,14.0,2,4,1
241,0,1,5.0,10.135582822085887,0.36,5.0,2,0,0
242,0,1,8.0,10.179141104294477,0.39,9.0,2,3,4
243,0,1,8.0,10.222699386503066,0.54,8.0,2,3,4
244,0,1,9.0,10.266257668711656,0.58,10.0,2,3,4
245,0,1,6.0,10.309815950920244,0.8,7.0,2,0,4
246,0,1,7.0,10.353374233128834,0.42,9.0,2,3,4
247,0,2,10.0,10.396932515337422,0.3,3.0,2,0,0
248,0,1,7.0,10.440490797546012,0.3,9.0,2,3,4
249,0,1,5.0,10.4840490797546,0.34,7.0,2,0,4
250,0,1,7.0,10.52760736196319,0.44,8.0,2,3,4
251,0,1,6.0,10.571165644171776,0.61,12.0,2,3,4
252,0,1,11.0,10.614723926380368,0.44,5.0,2,0,4
253,0,1,7.0,10.658282208588957,0.24,6.0,2,0,4
254,0,1,7.0,10.701840490797547,0.44,8.0,2,3,4
255,0,1,8.0,10.745398773006132,0.37,12.0,2,3,4
256,0,1,5.0,10.788957055214725,0.31,8.0,2,3,4
257,0,2,10.0,10.832515337423313,0.36,8.0,2,3,4
258,0,1,14.0,10.876073619631901,0.53,12.0,2,4,1
259,0,1,14.0,10.919631901840491,0.59,14.0,2,4,1
260,0,1,9.0,10.963190184049079,0.21,11.0,2,3,4
261,0,1,12.0,11.006748466257667,0.52,11.0,2,4,1
262,0,1,5.0,11.050306748466255,0.25,4.0,2,0,0
263,0,1,8.0,11.093865030674849,0.4,11.0,2,3,4
264,0,1,9.0,11.137423312883437,0.27,5.0,2,0,4
265,0,1,5.0,11.180981595092023,0.2,5.0,2,0,0
266,0,1,8.0,11.224539877300613,0.45,9.0,2,3,4
267,0,1,8.0,11.268098159509206,0.61,7.0,2,3,4
268,0,1,10.0,11.311656441717787,0.34,12.0,2,3,4
269,0,1,8.0,11.35521472392638,0.75,7.0,2,3,4
270,0,1,8.0,11.398773006134968,0.53,9.0,2,3,4
271,0,1,7.0,11.442331288343553,0.54,9.0,2,3,4
272,0,1,12.0,11.485889570552144,0.46,9.0,2,3,4
273,0,2,11.0,11.529447852760734,0.59,9.0,2,3,4
274,0,1,5.0,11.573006134969326,0.4,8.0,2,3,4
275,0,1,9.0,11.616564417177914,0.45,14.0,2,3,3
276,0,1,5.0,11.660122699386502,0.47,16.0,2,3,3
277,0,1,20.0,11.703680981595092,0.35,11.0,2,4,1
278,0,1,17.0,11.747239263803682,0.81,15.0,2,4,1
279,0,1,5.0,11.79079754601227,0.22,35.0,2,1,2
280,0,1,7.0,11.83435582822086,0.46,14.0,2,3,3
281,0,1,11.0,11.877914110429447,0.42,24.0,2,4,3
282,0,1,6.0,11.921472392638035,0.79,12.0,2,3,4
283,0,2,11.0,11.965030674846625,0.6,13.0,2,4,1
284,0,1,7.0,12.008588957055213,0.26,18.0,2,3,3
285,0,1,5.0,12.052147239263803,0.57,15.0,2,3,3
286,0,1,8.0,12.095705521472391,0.65,17.0,2,3,3
287,0,1,12.0,12.139263803680981,0.61,17.0,2,4,1
288,0,1,10.0,12.182822085889569,0.66,17.0,2,4,3
289,0,1,7.0,12.22638036809816,0.45,11.0,2,3,4
290,0,1,6.0,12.269938650306747,0.75,13.0,2,3,3
291,0,1,7.0,12.313496932515335,0.49,15.0,2,3,3
292,0,1,11.0,12.357055214723928,0.56,18.0,2,4,3
293,0,1,5.0,12.400613496932516,0.68,14.0,2,3,3
294,0,1,12.0,12.444171779141106,0.49,9.0,2,3,4
295,0,1,9.0,12.487730061349692,0.53,11.0,2,3,4
296,0,1,9.0,12.531288343558282,0.45,11.0,2,3,4
297,0,1,30.0,12.574846625766867,0.61,14.0,2,4,1
298,0,1,15.0,12.618404907975464,0.45,10.0,2,4,1
299,0,2,6.0,12.661963190184045,0.41,9.0,2,3,4
300,0,1,5.0,12.705521472392638,0.62,9.0,2,3,4
301,0,1,8.0,12.749079754601224,0.51,12.0,2,3,4
302,0,1,21.0,12.792638036809814,0.8,13.0,2,4,1
303,0,1,13.0,12.836196319018404,0.6,15.0,2,4,1
304,0,1,4.8,12.879754601226995,0.45,10.0,2,3,4
305,0,1,10.0,12.923312883435585,0.45,14.0,2,3,3
306,0,1,12.0,12.966871165644172,0.65,15.0,2,4,1
307,0,1,9.0,13.01042944785276,0.6,13.0,2,3,3
308,0,1,5.0,13.05398773006135,0.67,17.0,2,3,3
309,0,2,8.0,13.097546012269936,0.68,14.0,2,3,3
310,0,1,5.0,13.141104294478529,0.59,5.0,2,0,0
311,0,1,7.0,13.184662576687113,0.36,15.0,2,3,3
312,0,1,5.0,13.315337423312887,0.57,7.0,1,3,4
313,0,1,10.0,13.358895705521471,0.47,9.0,1,3,4
314,0,1,8.0,13.402453987730059,0.57,11.0,1,3,4
315,0,1,5.0,13.44601226993865,0.53,15.0,1,3,3
316,0,1,10.0,13.48957055214724,0.77,14.0,1,3,3
317,0,1,8.0,13.533128834355828,0.61,13.0,1,3,3
318,0,1,8.5,13.576687116564415,0.61,13.0,1,3,3
319,0,1,10.0,13.620245398773005,1.09,22.0,1,4,3
320,0,1,20.0,13.663803680981596,0.83,14.0,1,4,1
321,0,1,8.0,13.707361963190186,0.54,10.0,1,3,4
322,0,1,9.0,13.750920245398776,0.65,12.0,1,3,4
323,0,1,4.5,13.794478527607362,0.83,5.5,1,0,0
324,0,1,8.0,13.83803680981595,0.54,10.0,1,3,4
325,0,2,5.0,13.881595092024536,0.35,9.0,1,3,4
326,0,1,11.0,13.925153374233133,0.46,14.0,1,4,1
327,0,1,5.0,13.968711656441718,0.69,14.0,1,3,3
328,0,1,6.0,14.012269938650306,0.89,16.0,1,3,3
329,0,1,5.0,14.055828220858894,0.33,15.0,1,3,3
330,0,1,12.0,14.099386503067484,0.71,19.0,1,4,1
331,0,1,5.0,14.142944785276072,0.42,9.0,1,3,4
332,0,1,16.0,14.18650306748466,0.48,12.0,1,4,1
333,0,1,5.0,14.230061349693253,0.26,12.0,1,3,4
334,0,1,12.0,14.27361963190184,0.27,13.0,1,4,1
335,0,2,6.0,14.31717791411043,0.56,15.0,1,3,3
336,0,1,6.0,14.360736196319015,0.27,11.0,1,3,4
337,0,1,5.0,14.404294478527609,0.42,8.0,1,3,4
338,0,1,8.0,14.447852760736197,0.15,14.0,1,3,3
339,0,1,17.0,14.491411042944785,0.34,10.0,1,4,1
340,0,1,5.0,14.534969325153373,0.28,9.0,1,3,4
341,0,1,5.0,14.578527607361965,0.42,11.0,1,3,4
342,0,1,12.0,14.622085889570553,0.53,12.0,1,4,1
343,0,1,5.0,14.66564417177914,0.75,15.0,1,3,3
344,0,1,5.0,14.709202453987727,0.41,9.0,1,3,4
345,0,1,7.0,14.752760736196318,0.64,11.0,1,3,4
346,0,1,7.0,14.796319018404908,0.73,11.0,1,3,4
347,0,1,7.0,14.839877300613498,0.52,11.0,1,3,4
348,0,1,7.0,14.883435582822086,0.38,10.0,1,3,4
349,0,1,5.0,14.926993865030674,0.25,8.0,1,3,4
350,0,1,15.0,14.970552147239266,0.91,13.0,1,4,1
351,0,2,8.0,15.014110429447856,0.59,12.0,1,3,4
352,0,1,5.0,15.057668711656447,0.45,15.0,1,3,3
353,0,1,11.0,15.10122699386503,0.38,11.0,1,3,4
354,0,1,30.0,15.14478527607362,0.33,11.0,1,4,1
355,0,1,11.0,15.188343558282213,0.4,9.0,1,3,4
356,0,1,5.0,15.231901840490794,0.23,9.0,1,3,4
357,0,1,5.0,15.275460122699384,1.01,18.0,1,3,3
358,0,1,8.0,15.319018404907975,0.68,14.0,1,3,3
359,0,1,7.0,15.362576687116563,0.39,11.0,1,3,4
360,0,1,6.0,15.406134969325151,0.8,12.0,1,3,4
361,0,2,5.0,15.44969325153374,0.67,9.0,1,3,4
362,0,1,5.0,15.493251533742333,0.47,12.0,1,3,4
363,0,1,5.0,15.536809815950921,0.38,10.0,1,3,4
364,0,1,9.0,15.580368098159509,0.55,12.0,1,3,4
365,0,1,8.0,15.623926380368097,0.36,8.0,1,3,4
366,0,1,10.0,15.667484662576687,0.45,17.0,1,3,3
367,0,1,6.0,15.711042944785275,0.38,9.0,1,3,4
368,0,1,6.0,15.754601226993866,0.45,10.0,1,3,4
369,0,1,7.0,15.798159509202454,0.31,22.0,1,3,3
370,0,1,5.0,15.841717791411044,0.41,13.0,1,3,3
371,0,1,9.0,15.885276073619632,0.56,11.0,1,3,4
372,0,1,7.0,15.928834355828226,0.35,6.0,1,3,4
373,0,1,7.0,15.972392638036812,0.3,8.0,1,3,4
374,0,1,5.0,16.0159509202454,0.74,11.0,1,3,4
375,0,1,5.0,16.059509202453988,0.67,10.0,1,3,4
376,0,1,14.0,16.103067484662578,0.54,13.0,1,4,1
377,0,2,12.0,16.146625766871168,0.78,15.0,1,4,1
378,0,1,5.0,16.190184049079758,0.71,11.0,1,3,4
379,0,1,11.0,16.233742331288344,1.0,16.0,1,4,3
380,0,1,7.0,16.277300613496937,1.08,19.0,1,3,3
381,0,1,11.0,16.32085889570552,0.58,13.0,1,3,1
382,0,1,4.7,16.36441717791411,0.71,17.0,1,3,3
383,0,1,11.0,16.4079754601227,0.67,16.0,1,4,3
384,0,1,12.0,16.45153374233129,0.82,12.0,1,3,1
385,0,1,5.0,16.49509202453988,0.63,18.0,1,3,3
386,0,1,8.0,16.538650306748465,0.59,11.0,1,3,4
387,0,2,5.0,16.582208588957055,0.51,11.0,1,3,4
388,0,1,5.0,16.625766871165645,0.43,21.0,1,3,3
389,0,1,11.0,16.66932515337423,0.43,12.0,1,3,1
390,0,1,6.0,16.8,0.68,13.0,1,3,3
391,0,1,2.0,11.1,0.62,16.0,1,3,3
392,0,1,3.0,7.86,0.55,12.0,1,3,4
393,0,1,3.0,9.8,0.57,7.0,1,0,0
394,0,1,7.0,11.3,0.63,10.0,1,3,4
395,0,1,6.0,11.7,0.79,10.0,1,3,4
396,0,1,6.0,16.0,0.76,11.0,1,3,4
397,0,1,5.0,17.7,0.76,8.0,1,3,4
398,0,1,5.0,12.0,0.61,8.0,1,3,4
399,0,1,6.0,11.3,0.61,9.0,1,3,4
400,0,1,6.0,12.3,0.73,9.0,1,3,4
401,0,1,3.0,10.8,0.86,6.0,1,0,0
402,0,1,7.0,8.8,0.97,12.0,1,3,4
403,0,2,3.0,11.7,0.69,7.0,1,0,0
404,0,1,4.0,14.6,0.63,7.0,1,3,4
405,0,1,4.0,9.34,0.57,4.0,1,0,0
406,0,1,5.0,11.0,0.65,6.0,1,0,0
407,0,1,3.0,6.61,0.57,5.0,1,0,0
408,0,1,3.0,6.61,0.57,5.0,1,0,0
409,0,1,2.0,4.13,0.25,5.0,1,0,0
410,0,1,5.0,9.85,0.53,5.0,1,0,0
411,0,1,4.0,14.6,0.55,6.0,1,0,0
412,0,1,3.0,7.9,0.41,10.0,1,3,4
413,0,2,7.0,10.8,0.43,16.0,1,3,3
414,0,1,9.0,16.7,1.02,32.0,1,1,2
415,0,1,6.0,11.9,0.3,7.0,1,0,4
416,0,1,3.0,12.8,0.46,8.0,1,3,4
417,0,1,6.0,12.9,0.71,29.0,1,1,2
418,0,1,2.0,6.46,0.4,16.0,1,3,3
419,0,1,5.0,8.33,0.54,10.0,1,3,4
420,0,1,3.0,7.28,0.54,8.4,1,0,4
421,0,1,9.0,6.58,0.68,18.0,1,4,3
422,0,1,8.0,7.8,0.45,9.2,1,3,4
423,0,1,3.0,6.94,0.63,8.0,1,0,4
424,0,1,4.0,9.63,0.41,8.1,1,0,4
425,0,1,3.0,7.58,0.38,8.0,1,0,4
426,0,1,6.0,6.96,0.48,15.0,1,3,3
427,0,1,8.0,7.58,0.46,4.8,1,0,0
428,0,1,4.0,9.65,0.42,4.0,1,0,0
429,0,2,5.0,8.86,0.68,4.8,1,0,0
430,0,1,4.0,9.94,0.35,2.8,1,0,0
431,0,1,6.0,9.15,0.61,8.0,1,0,4
432,0,1,2.0,7.0,0.36,4.0,1,0,0
433,0,1,3.0,7.34,0.31,6.4,1,0,0
434,0,1,11.0,9.6,0.33,7.5,1,3,4
435,0,1,8.9,7.5,0.41,10.2,1,3,4
436,0,1,9.8,9.0,0.28,5.0,1,0,4
437,0,1,4.0,7.58,0.61,6.6,1,0,0
438,0,1,3.0,7.17,0.24,7.6,1,0,4
439,0,2,2.0,7.53,0.48,11.0,1,3,4
440,0,1,2.0,8.68,1.88,4.8,1,0,0
441,0,1,5.0,9.91,0.52,14.0,1,3,3
442,0,1,2.0,7.27,0.23,8.4,1,0,4
443,0,1,2.0,8.12,0.32,7.4,1,0,0
444,0,1,2.0,5.65,0.22,4.4,1,0,0
445,0,1,2.0,7.48,0.37,5.8,1,0,0
446,0,1,4.0,7.45,0.22,3.6,1,0,0
447,0,1,5.0,6.12,0.17,2.2,1,0,0
448,0,1,5.0,6.19,0.21,2.0,1,0,0
449,0,1,6.0,6.99,0.6,4.5,1,0,0
450,0,1,7.0,6.78,0.25,5.0,1,0,0
451,0,1,5.0,8.69,0.39,5.6,1,0,0
452,0,1,8.0,6.2,0.44,7.2,1,0,4
453,0,1,6.0,8.2,0.39,2.2,1,0,0
454,0,1,10.0,8.14,0.57,5.6,1,0,4
455,0,2,5.0,8.94,0.54,4.2,1,0,0
456,0,1,5.0,7.91,0.35,23.0,1,3,3
457,0,1,3.0,9.22,0.49,7.2,1,0,0
458,0,1,3.0,8.59,0.25,3.4,1,0,0
459,0,1,2.0,8.87,0.39,2.4,1,0,0
460,0,1,8.0,6.65,0.617,15.0,1,3,3
461,0,1,2.0,8.66,0.379,3.2,1,0,0
462,0,1,5.0,8.95,0.203,12.0,1,3,4
463,0,1,3.0,5.84,0.45899999999999996,16.0,1,3,3
464,0,1,5.0,9.57,0.48200000000000004,4.6,1,0,0
465,0,2,2.0,8.66,0.213,4.6,1,0,0
466,0,1,3.0,19.3,0.54,9.5,1,3,4
467,0,1,2.0,8.88,0.617,10.0,1,3,4
468,0,1,13.0,8.88,0.85,16.0,1,4,1
469,0,1,15.0,8.88,0.62,17.0,1,4,1
470,0,1,13.0,8.88,0.6,20.0,1,4,1
471,0,1,17.0,8.88,0.56,16.0,1,4,1
472,0,1,20.0,8.88,0.99,21.0,1,4,1
473,0,1,13.0,8.88,0.59,11.0,1,4,1
474,0,1,12.0,8.88,0.81,18.0,1,4,1
475,0,1,10.0,8.88,0.93,13.0,1,3,3
476,0,1,14.0,8.88,0.75,19.0,1,4,1
477,0,1,13.0,8.88,0.72,14.0,1,4,1
478,0,1,12.0,8.88,0.82,13.0,1,4,1
479,0,1,11.0,8.88,0.69,13.0,1,4,1
480,0,1,19.0,8.88,1.04,39.0,1,1,2
481,0,2,7.0,8.88,0.64,8.0,1,3,4
482,0,1,8.0,8.88,0.53,6.0,1,0,4
483,0,1,10.0,8.88,0.63,8.0,1,3,4
484,0,1,15.0,8.88,0.78,13.0,1,4,1
485,0,1,18.0,8.88,0.53,9.0,1,4,1
486,0,1,13.0,8.88,1.31,16.0,1,4,1
487,0,1,7.0,8.88,0.43,6.0,1,0,4
488,0,1,16.0,8.88,0.7,15.0,1,4,1
489,0,1,16.0,8.88,0.53,12.0,1,4,1
490,0,1,12.0,8.88,0.71,10.0,1,4,4
491,0,2,10.0,8.88,0.51,9.0,1,3,4
492,0,1,11.0,8.88,0.42,12.0,1,4,1
493,0,1,8.0,8.88,0.65,14.0,1,3,3
494,0,1,10.0,8.88,0.64,9.0,1,3,4
495,0,1,15.0,8.88,0.98,27.0,1,1,2
496,0,1,29.0,8.88,0.52,26.0,1,1,2
497,0,1,35.0,8.88,1.41,31.0,1,1,2
498,0,1,12.0,8.88,0.63,13.0,1,4,1
499,0,1,5.0,8.88,0.7,11.0,1,3,4
500,0,1,10.0,8.88,0.51,9.5,1,3,4
501,0,1,8.0,8.88,0.41,8.4,1,3,4
502,0,1,6.0,8.88,0.75,7.0,1,0,4
503,0,1,8.0,8.88,0.54,8.4,1,3,4
504,0,1,11.0,8.88,0.57,8.4,1,3,4
505,0,1,10.0,8.88,0.59,6.0,1,0,4
506,0,1,10.0,8.88,0.84,11.0,1,3,4
507,0,2,12.0,8.88,0.63,8.0,1,3,4
508,0,1,9.0,8.88,1.3,14.0,1,3,3
509,0,1,13.0,8.88,1.01,16.0,1,4,1
510,0,1,6.0,8.88,0.53,8.4,1,3,4
511,0,1,5.0,8.88,0.52,6.5,1,0,0
512,0,1,16.3,8.88,1.55,22.0,1,4,1
513,0,1,13.2,8.88,0.56,11.2,1,4,1
514,0,1,10.1,8.88,0.95,11.6,1,3,4
515,0,1,10.0,8.88,0.52,9.2,1,3,4
516,0,1,15.0,8.88,0.95,15.0,1,4,1
517,0,2,12.0,8.88,0.61,16.0,1,4,1
518,0,1,9.0,8.88,0.66,14.0,1,3,3
519,0,1,16.0,8.88,0.4,7.6,1,4,1
520,0,1,13.0,8.88,0.47,11.0,1,4,1
521,0,1,9.0,8.88,0.59,7.0,1,0,4
522,0,1,11.0,8.88,0.72,8.5,1,3,4
523,0,1,9.0,8.88,1.03,7.6,1,3,4
524,0,1,13.0,8.88,0.61,9.1,1,4,1
525,0,1,9.0,8.88,0.46,9.6,1,3,4
526,0,1,12.0,8.88,0.8,12.0,1,4,1
527,0,1,12.0,8.88,0.53,7.0,1,3,4
528,0,1,15.0,8.88,0.68,5.0,1,4,4
529,0,1,7.0,8.88,0.56,10.0,1,3,4
530,0,1,9.0,8.88,0.45,18.0,1,4,3
531,0,1,9.0,8.88,0.6,4.0,1,0,0
532,0,1,13.0,8.88,0.63,5.1,1,0,4
533,0,2,9.0,8.88,0.42,5.0,1,0,4
534,0,1,12.0,8.88,0.66,46.0,1,1,2
535,0,1,11.0,8.88,0.53,9.3,1,3,4
536,0,1,16.0,8.88,0.67,14.0,1,4,1
537,0,1,15.0,8.88,0.63,14.0,1,4,1
538,0,1,11.0,8.88,0.299,8.6,1,3,4
539,0,1,14.0,8.88,0.645,10.0,1,4,1
540,0,1,14.0,8.88,0.653,14.0,1,4,1
541,0,1,18.0,8.88,0.853,18.0,1,4,1
542,0,1,15.0,8.88,0.502,13.0,1,4,1
543,0,2,15.0,8.88,0.779,15.0,1,4,1
544,0,1,23.0,8.88,1.36,24.0,1,4,1
545,0,1,14.0,8.88,0.6,12.0,1,4,1
546,0,1,17.0,8.88,0.78,20.0,1,4,1
547,0,1,16.0,8.88,0.98,18.0,1,4,1
548,0,1,10.0,8.88,0.57,14.0,1,4,3
549,0,1,13.0,8.88,0.6,17.0,1,4,1
550,0,1,8.0,8.88,0.63,14.0,1,3,3
551,0,1,4.0,8.88,0.5,8.0,1,0,4
552,0,1,11.0,8.88,0.63,17.0,1,4,3
553,0,1,13.0,8.88,0.77,15.0,1,4,1
554,0,1,9.0,8.88,0.62,16.0,1,4,3
555,0,1,7.0,8.88,0.44,11.0,1,3,4
556,0,1,18.0,8.88,0.86,17.0,1,4,1
557,0,1,12.0,8.88,0.66,14.0,1,4,1
558,0,1,9.0,8.88,0.36,6.0,1,0,4
559,0,2,7.0,8.88,0.5,5.0,1,0,0
560,0,1,6.0,8.88,0.25,8.0,1,0,4
561,0,1,10.0,8.88,0.32,6.0,1,0,4
562,0,1,14.0,8.88,0.46,13.0,1,4,1
563,0,1,11.0,8.88,0.66,13.0,1,4,1
564,0,1,10.0,8.88,0.58,14.0,1,4,3
565,0,1,8.0,8.88,0.65,10.0,1,3,4
566,0,1,9.0,8.88,6.5,14.0,1,3,3
567,0,1,17.0,8.88,0.73,55.0,1,1,2
568,0,1,9.0,8.88,0.6,9.0,1,3,4
569,0,2,11.0,8.88,0.48,14.0,1,4,1
570,0,1,13.0,8.88,0.56,6.0,1,0,4
571,0,1,9.0,8.88,0.42,14.0,1,3,3
572,0,1,21.0,8.88,1.4,19.0,1,4,1
573,0,1,38.0,8.88,0.94,15.0,1,4,1
574,0,1,10.0,8.88,0.58,11.0,1,3,4
575,0,1,7.0,8.88,0.51,9.2,1,3,4
576,0,1,9.0,8.88,0.56,11.0,1,3,4
577,0,1,7.0,8.88,0.85,11.0,1,3,4
578,0,1,7.0,8.88,0.37,10.0,1,3,4
579,0,1,9.0,8.88,0.55,8.0,1,3,4
580,0,1,16.0,8.88,0.65,15.0,1,4,1
581,0,1,9.0,8.88,0.65,8.0,1,3,4
582,0,1,7.0,8.88,0.73,14.0,1,3,3
583,0,1,2.0,8.88,0.73,12.0,1,3,4
584,0,1,14.0,8.88,0.81,12.0,1,4,1
585,0,2,11.0,8.88,0.84,6.4,1,0,4
586,0,1,8.0,8.88,0.53,7.2,1,0,4
587,0,1,13.0,8.88,0.63,10.0,1,4,1
588,0,1,12.0,8.88,0.88,16.0,1,4,1
589,0,1,9.0,8.88,0.75,11.0,1,3,4
590,0,1,15.4,8.88,0.65,13.0,1,4,1
591,0,1,11.9,8.88,0.57,13.6,1,4,1
592,0,1,14.0,8.88,0.6,17.5,1,4,1
593,0,1,9.0,8.88,0.84,18.0,1,4,3
594,0,1,15.0,8.88,0.85,30.0,1,1,2
595,0,2,15.0,8.88,0.65,17.0,1,4,1
596,0,1,13.0,8.88,0.49,15.0,1,4,1
597,0,1,18.0,8.88,0.6,23.0,1,4,1
598,0,1,7.0,8.88,0.79,9.2,1,3,4
599,0,1,8.0,8.88,0.61,8.0,1,3,4
600,0,1,6.0,8.88,0.57,10.0,1,3,4
601,0,1,7.0,8.88,0.47,6.8,1,0,4
602,0,1,10.0,8.88,0.72,8.0,1,3,4
603,0,1,16.0,8.88,0.54,16.0,1,4,1
604,0,1,6.0,8.88,0.74,21.0,1,3,3
605,0,1,12.0,8.88,0.66,8.0,1,3,4
606,0,1,14.0,8.88,0.74,14.0,1,4,1
607,0,1,5.0,8.88,0.67,10.0,1,3,4
608,0,1,10.0,8.88,0.62,11.0,1,3,4
609,0,1,17.0,8.88,0.39,11.0,1,4,1
610,0,1,12.0,8.88,0.44,10.0,1,4,4
611,0,2,11.0,8.88,0.47,6.9,1,3,4
612,0,1,13.0,8.88,0.63,52.0,1,1,2
613,0,1,9.0,8.88,0.73,12.0,1,3,4
614,0,1,9.0,8.88,0.79,15.0,1,3,3
615,0,1,14.0,8.88,0.63,15.0,1,4,1
616,0,1,2.0,8.88,0.785,9.1,1,0,4
617,0,1,13.0,8.88,0.735,13.0,1,4,1
618,0,1,12.0,8.88,0.9329999999999999,16.0,1,4,1
619,0,1,6.0,8.88,0.7959999999999999,10.0,1,3,4
620,0,1,15.0,8.88,0.703,11.0,1,4,1
621,0,2,15.0,8.88,0.826,17.0,1,4,1
622,0,1,14.0,8.88,0.856,10.0,1,4,1
623,0,1,12.0,8.88,0.893,16.0,1,4,1
